Antoine 2016-06-22_20h-5mn-19sec 6893.36 0 8921.86 4726.56 0 11656.3 3093.46 387.886 8605.46 6592.66 2666.46 3050.76 4994.86 0 1073.74
Antoine 2016-06-22_20h-6mn-7sec 5005.1 1567.5 209.676 6090.1 215.926 1246.25 11928.1 0 7030 10702.7 4647 4314.6 8556.8 4332.1 771.826
Antoine 2016-06-22_20h-10mn-9sec 0 13.4857 0 544.476 0 0 842.761 0 482.466 266.876 0 115.885 89.7901 0 204.942
Antoine 2016-06-22_20h-10mn-56sec 0 0 0 0 0 0 5311.04 0 2134.74 6241.74 774.532 1000.84 1854.74 642.632 211.431
Antoine 2016-06-23_10h-25mn-17sec 1876.86 2624.06 4357.36 1786.26 2793.46 3201.56 749.962 2266.86 4335.76 1262.16 4430.06 5478.06 2506.16 2420.96 6484.96
Jean-Marc 2016-06-23_10h-35mn-5sec 2046.9 1877.5 687.201 1200.6 1442.9 995.001 849.501 1371 453.701 674.601 2516.8 1772.5 719.801 3416.6 6076.4
Antoine 2016-06-23_10h-38mn-40sec 3107.5 3468.5 2450.6 1381.5 1225.4 2626.6 0 947.302 4322.4 0 1775.6 6231.8 3010.5 2640.7 5841.2
Antoine 2016-06-23_12h-9mn-48sec 6405.08 5681.78 1992.18 2322.38 2542.58 2652.58 354.681 2753.48 1817.08 333.881 3799.18 4574.58 1866.18 3016.28 6257.58
Antoine 2016-06-23_12h-15mn-48sec 1511.24 1898.14 2172.14 853.941 1036.64 1576.94 43.643 1119.64 2705.14 0 3256.24 6458.94 1908.74 3314.64 6227.34
Antoine 2016-06-23_12h-25mn-5sec 3589.66 4445.46 1595.76 1556.66 2160.46 31.3811 450.761 2531.16 0 652.961 1480.96 2229.16 1552.46 3488.96 3193.36
Antoine 2016-06-23_12h-26mn-10sec 3819.84 3485.04 3177.94 2222.74 2512.24 3163.24 335.442 2557.14 2175.54 351.642 3166.54 4139.64 2274.44 2888.54 4339.44
Antoine 2016-06-23_12h-29mn-13sec 2664.2 3457.9 4054 1868.4 1283.1 3133.1 0 1810 4575.1 0 3172.4 6668.9 1924.7 3964.6 4831.9
Jean-Marc 2016-06-23_12h-32mn-25sec 1998.64 2557.24 2896.04 1981.84 2334.94 2214.14 2023.94 2399.84 2087.64 1941.74 1980.24 2442.74 2207.24 3085.14 3392.14
Jean-Marc 2016-06-23_12h-33mn-36sec 5668.96 5013.16 2114.26 2817.56 5240.26 3054.16 1842.66 3482.96 2815.96 1337.86 2017.86 2755.06 1573.06 5370.76 4552.56
JP 2016-06-23_12h-36mn-9sec 5052.06 7264.46 0 0 8628.36 5069.66 0 5386.86 4728.96 896.861 7934.26 4774.26 0 5966.76 5432.76
Jean-Marc 2016-06-23_12h-36mn-59sec 4400.66 5063.06 1633.36 1596.66 3906.16 1527.46 349.861 2528.66 1883.66 902.861 3421.86 2548.56 2703.06 5422.56 4072.56
Antoine 2016-06-23_12h-59mn-21sec 1859.62 1442.92 1925.62 577.323 1262.52 1224.02 0 1263.62 1540.12 0 2794.02 3872.02 1264.12 2166.02 2101.02
Antoine 2016-06-23_14h-6mn-9sec 161.982 2432.58 1181.48 0 1095.58 557.182 0 547.682 1198.98 0 1013.88 743.482 232.882 1427.18 2224.88
Jean-Marc 2016-06-23_14h-7mn-28sec 2093.48 4095.38 2951.08 1822.78 2399.28 3069.48 574.882 1971.48 1950.08 385.982 1314.58 2644.98 1497.78 2290.18 4635.58
Jean-Marc 2016-06-23_14h-8mn-17sec 6534.64 6743.54 4250.34 3496.34 5560.04 4828.34 2451.74 1598.14 3725.74 2912.24 2472.94 3048.94 3198.74 3691.04 33415.8
Antoine 2016-06-23_15h-10mn-22sec 7253.72 1782.02 0 8176.02 3845.52 0 15157.7 5086.92 10645.5 15198.3 6465.82 5414.92 6133.22 6327.52 1482.88
Antoine 2016-06-23_15h-12mn-50sec 8578.72 0 187.443 2345.02 761.292 12428.5 3554.82 4095.62 7491.12 5897.22 5210.02 1289.22 4389.12 0 451.842
Antoine 2016-06-23_15h-17mn-44sec 4044.12 72.9092 254.94 1957.62 630.579 134.258 8029.62 430.04 2351.22 7264.42 248.34 0 2397.12 1625.02 929.922
Antoine 2016-06-23_15h-19mn-5sec 2938.06 2042.76 1496.46 4221.86 2109.46 1518.86 7117.86 2345.16 4271.96 6751.06 2540.86 2702.76 3314.16 4103.26 2645.56
Antoine 2016-06-23_15h-20mn-10sec 11502.4 5963.02 6967.72 9378.32 5029.22 5489.92 19489.7 6460.12 2749.92 18567.8 5068.72 81.0806 10826.1 6604.32 6355.62
Antoine 2016-06-23_15h-21mn-26sec 3711.08 2102.38 1348.18 3343.38 1534.08 1028.38 6536.08 1484.08 2562.88 5727.18 1415.18 1510.08 2336.58 2352.18 2528.38
Antoine 2016-06-23_15h-21mn-36sec 2686.28 1646.58 701.681 3112.18 1460.78 527.861 6314.38 1482.68 2956.88 5527.68 1591.08 1353.68 2217.78 2281.88 2070.78
Antoine 2016-06-23_15h-21mn-47sec 2313.18 1088.88 377.426 3042.28 1125.68 3804.38 6344.88 1155.98 5536.28 5424.58 1393.98 1092.38 1999.88 2019.48 1716.98
Antoine 2016-06-23_15h-21mn-58sec 1782.68 620.181 80.1495 2566.38 709.381 6099.58 6059.58 826.181 5888.78 5079.68 1073.18 812.181 1794.68 1749.98 1222.48
Antoine 2016-06-23_15h-22mn-58sec 778.681 1693.68 855.981 607.481 2112.98 412.952 4207.08 1628.88 4327.98 6602.48 3709.28 4383.88 4234.98 3695.38 1598.98
Veronique 2016-06-24_11h-38mn-42sec 4419.98 3671.18 3260.28 5363.98 3209.78 3299.78 8185.68 3677.48 5621.68 6430.28 4554.08 5415.68 4397.08 5498.18 4808.58
Veronique 2016-06-24_11h-40mn-3sec 6144.36 3878.46 4163.56 4437.16 2876.96 2291.96 5821.26 2458.96 5931.06 5559.06 4544.86 6307.66 4576.66 4671.16 3344.36
Jean-Marc 2016-06-24_11h-41mn-35sec 6791.66 10698.2 2390.76 7075.06 3187.66 5867.76 7224.16 6138.86 7673.06 9868.36 6076.86 5947.36 7901.96 1061.46 1460.16
Veronique 2016-06-24_11h-43mn-6sec 5023.86 2621.36 7524.86 7609.36 1893.26 2031.56 7257.26 1700.86 5491.36 3679.66 5094.76 3748.66 3154.96 3107.96 5841.36
Jean-Marc 2016-06-24_11h-48mn-37sec 1814.76 5432.96 10008.4 10976.7 7508.46 10667.1 12125.2 10226 9926.46 9344.26 5064.66 5907.46 6204.96 695.071 4080.36
Antoine 2016-06-24_11h-49mn-34sec 4850.1 4335 3201 7455.6 6075.1 2362.6 11662.2 5218.1 10166.6 12332.7 11052.2 9692.3 10813.4 10159.9 2.6002
Veronique 2016-06-24_11h-51mn-6sec 1387.8 0 3647.5 4374.1 617.002 2157.5 5322.5 1744.7 3079.5 4627.9 1842.7 4387.4 3139 0 0
Al1 2016-06-24_17h-55mn-21sec 15956.5 17796.1 10855.5 10467.1 13718.7 10960 8647.4 11214.9 5921.8 7505.9 5027.5 4959.1 5582.8 5574.9 13210.6
Al1 2016-06-24_17h-56mn-34sec 3694.3 3659.7 3627.4 5411.7 3328.7 5348.3 8088.3 3305.7 4274.7 5541.8 3321.4 3899.5 4832.9 4215.4 3270.8
Guillaume 2016-06-28_10h-18mn-16sec 2432.44 1183.64 3444.74 3825.84 1807.94 2425.74 4112.64 2882.94 359.236 2912.84 2426.14 325.667 2031.94 497.636 4089.64
Veronique 2016-06-28_11h-23mn-36sec 1655.18 0 1322.78 1975.08 1744.68 69.4474 2974.68 681.582 0 0 0 0 0 0 172.149
Veronique 2016-06-28_11h-24mn-21sec 1298.88 0 1463.68 2404.18 1808.88 53.1074 3839.18 1243.78 0 0.901855 0 0 0 0 143.933
Veronique 2016-06-28_11h-25mn-5sec 3213.78 120.946 2399.48 3669.28 3378.08 1247.58 4266.88 2389.68 0 0 0 0 0 0 1697.48
Veronique 2016-06-28_11h-25mn-32sec 3552.08 819.282 3149.28 4422.78 3511.18 1979.68 5222.08 3349.98 0 0 0 0 0 0 2102.48
Jean-Marc 2016-06-28_11h-26mn-2sec 1044.94 5033.54 1608.54 2964.24 1792.14 932.242 2415.04 2033.34 198.244 741.442 0 0 0 0 296.431
Jean-Marc 2016-06-28_11h-27mn-32sec 0 0 905.242 212.544 168.244 0 864.942 0 51.0925 126.744 0 0 0 0 86.7151
Antoine 2016-06-28_11h-28mn-50sec 4437.84 4374.04 3822.54 6033.84 4824.34 3429.24 7310.54 3924.24 5795.44 6457.04 5344.84 4793.44 5286.84 4471.74 2495.54
Jean-Marc 2016-06-28_11h-29mn-39sec 0 0 0 1850.24 2184.14 1648.04 3063.04 984.342 153.643 1855.64 1.12925 2.91699 208.444 0 27.7868
Jean-Marc 2016-06-28_11h-30mn-9sec 3492.64 1284.34 3246.44 3104.54 3786.74 2835.44 4003.44 3031.74 1821.84 1428.84 274.031 0 216.408 0 1867.74

Antoine 2016-06-28_11h-33mn-10sec 5962.04 6187.04 6673.54 5798.84 6394.84 6145.64 6031.04 6125.24 7969.24 6356.34 7978.04 10026.3 8494.54 10679 5405.54
Veronique 2016-06-28_11h-33mn-47sec 0 0 0 1550.94 326.155 0 2121.14 0 0 0 0 0 61.2859 0 609.442
Veronique 2016-06-28_11h-34mn-6sec 327.242 0 124.978 1994.74 690.442 0 2601.74 176.355 0 0 0 0 0 0 780.042
Veronique 2016-06-28_11h-34mn-36sec 5959.44 7915.84 5853.54 5616.04 5620.04 5329.74 5530.44 5401.84 1599.74 1914.94 2484.84 1777.54 1440.64 1287.74 5219.14
Veronique 2016-06-28_11h-35mn-52sec 2720.62 1142.72 1096.92 2437.82 861.121 626.221 3553.52 1972.42 2003.72 2921.32 1993.42 1452.32 1701.02 1837.32 1703.52
Veronique 2016-06-28_11h-36mn-8sec 1785.82 1434.52 164.001 2534.92 374.121 322.666 3859.32 1448.62 2200.52 2684.52 1995.82 1727.92 2281.62 2580.22 1219.02
Guillaume 2016-06-28_11h-36mn-34sec 8.99316 0 541.383 1160.98 0 602.083 1195.38 0 0 925.583 0 0 870.483 0 504.783
Guillaume 2016-06-28_11h-36mn-56sec 167.691 641.183 61.2947 1780.58 0 1152.08 1703.98 0 0 1469.48 0 0 1343.48 0 1503.88
Veronique 2016-06-28_11h-38mn-1sec 3469.58 0 2937.88 3761.98 628.483 0 5059.68 973.183 4223.58 4370.28 3406.68 2751.58 2872.78 2082.58 201.193
Antoine 2016-06-28_13h-7mn-31sec 1563.14 134.819 163.921 2613.74 2004.84 315.706 4622.74 363.706 4941.54 4889.74 3994.64 4353.34 4189.44 3834.84 1492.84 0 328.857 243.718 0 3291.64 2170.94 78.7859 0 0 0 0 0 2421.74 4956.24 4231.64 2770.94 0 0 0 0
Antoine 2016-06-28_13h-8mn-20sec 2433.34 2116.14 1883.94 2532.74 1866.04 2001.94 4516.54 1911.14 4331.94 4633.14 4012.04 5092.44 3341.14 3999.14 4064.54 0 2203.54 2195.04 955.241 1944.14 4295.74 0 0 26.5883 235.306 1474.24 0 2944.64 5135.14 4024.04 3122.24 0 0 0 0
Antoine 2016-06-28_13h-9mn-23sec 2179.84 1995.14 1733.94 1508.34 1916.54 2167.54 1240.74 2503.04 5961.24 3689.94 4290.64 4916.94 3733.14 7390.94 3743.54 0 1083.34 0 4235.44 1944.84 0 182.07 1474.34 2210.74 440.454 2439.54 0 858.041 0 2854.54 1702.14 108.28 1147.64 1299.24 70.1713
Antoine 2016-06-28_13h-18mn-29sec 2669.44 1740.64 902.541 2365.54 2609.14 870.641 6464.74 2054.74 4553.24 7026.04 3929.64 4760.54 4675.44 4051.54 2934.24 0 2342.74 3863.94 2093.44 2102.24 5804.14 979.141 0 0 0 154.585 0 3230.74 7625.54 7117.24 4364.74 205.958 0 0 0
Jean-Marc 2016-06-29_14h-6mn-18sec 499.659 0 0 4512.88 1412.48 5690.58 5769.38 10.7929 1564.98 6064.28 0 0 0 0 4797.18 0 8831.68 0 0 7201.48 4521.18 3204.98 0 0 0 0 0 8434.18 3576.58 5774.08 2748.18 0 0 0 0
Jean-Marc 2016-06-29_14h-10mn-28sec 486.305 0 0 3944.68 681.482 3724.78 4247.28 0 3130.48 5166.08 0 0 190.502 0 3428.18 0 5691.08 268.18 0 4924.88 2577.18 3205.58 0 0 0.477637 0 0 7434.18 3284.48 4951.78 1266.98 0 0 0 0
Antoine 2016-06-29_14h-11mn-37sec 1717.22 3811.12 1793.22 499.321 1176.82 1509.62 290.521 3285.92 3865.22 2763.92 2799.02 5975.62 2546.72 3640.22 12549.8 2615.62 6385.82 4546.32 2886.92 2642.02 2532.12 0 0 4430.62 3357.42 3439.12 4687.52 4362.22 3437.52 796.621 2322.12 1672.32 0 0 746.021
Jean-Marc 2016-06-29_14h-12mn-52sec 3440.52 0 1920.22 5636.42 5030.52 2575.42 5922.82 3862.72 3582.52 5161.32 37.1803 118.817 2495.12 0 6385.22 0 1603.32 1523.52 0 7897.52 3702.52 2772.52 579.089 307.817 0 0 0 5028.42 4684.12 3858.82 2750.12 570.398 0 0 0
Jean-Marc 2016-06-29_14h-14mn-42sec 0 1514.12 0 4242.72 2843.22 3051.32 5474.92 4122.42 0 4373.32 1305.42 0 2546.42 1642.12 6134.82 0 5865.82 0 0 4168.22 3000.12 2580.72 670.541 2565.52 992.121 71.5174 851.021 7925.32 4470.32 6215.92 4192.12 0 10.721 86.9235 5.13711
AlainTerlutte 2016-06-29_16h-44mn-55sec 5326.22 342.005 2975.82 4932.72 3119.92 319.241 2853.72 2900.02 4132.62 4622.62 0 1137.12 3302.92 0 1441.52 50.6305 0 3382.62 0 5499.62 0 3630.92 1446.12 774.822 0 0 0 3898.92 1730.32 1860.82 2503.22 108.33 1464.22 0 0
Antoine 2016-06-29_17h-5mn-11sec 2199.78 1665.38 10201 2497.38 0 6548.18 0 46.0762 5212.88 0 0 14820.1 5052.28 1995.08 9000.08 6891.58 9953.48 5627.88 9266.28 2307.28 94.2447 432.654 280.156 0 768.181 35.9419 4030.78 6903.88 3267.68 2053.28 8714.78 2076.58 0 0 3314.28
Antoine 2016-06-29_17h-6mn-28sec 3180.58 4496.68 10926.5 2026.78 0 7090.98 0 2636.98 6337.98 0 674.781 14361.7 3606.68 1792.58 10312.2 7155.68 8388.98 6144.78 8591.68 3132.78 84.4952 130.955 0 26.4028 1991.08 1085.78 4635.08 6363.68 2722.58 2602.78 7374.98 2281.18 0 0 2187.58
Antoine 2016-06-29_17h-24mn-9sec 8245.64 11065.6 15260.1 7257.54 5370.64 11737.6 2738.14 6962.24 9491.34 3891.34 5263.34 16766.4 6999.64 7185.04 13932.8 10156 11471 8331.94 9862.04 5757.64 1313.74 1687.94 1113.74 2982.54 4559.14 3720.24 8549.84 6460.64 3658.44 2046.84 8323.94 4258.84 427.998 578.36 4965.84
Antoine 2016-06-29_17h-25mn-16sec 4643.34 9976.04 11329.8 2970.74 5452.74 7948.04 0 5176.44 4669.04 273.632 1892.64 11458.4 5115.74 4054.74 9660.25 5085.84 8261.14 5212.74 7078.04 3192.24 0 0 0 1937.54 1936.64 1189.94 5078.04 3522.34 430.892 118.846 7546.54 2730.14 0 0 3145.44
Aymeric 2016-06-29_17h-26mn-46sec 11013 10387.7 8265.94 301.53 16282 16338.7 1414.54 7047.94 6397.04 0 245.382 2527.54 0 3212.74 2920.24 4098.64 4790.04 8612.74 8254.74 60.2668 5.3668 98.1336 0 5053.64 4578.04 8888.25 7382.64 0 1355.44 105.121 1073.34 910.943 0 0 2067.54
Antoine 2016-06-29_17h-30mn-4sec 7576.14 4480.54 9659.14 4713.04 1652.94 7587.64 240.7 2696.14 8168.64 2155.84 1097.44 15851.5 4725.84 5388.04 11008.9 8690.54 7307.44 6277.94 9390.75 2674.84 1095.34 3.80627 0 0 200.234 245.634 6071.04 4549.94 1908.54 695.388 6307.34 1092.64 0 0 2498.34
0 2016-06-29_17h-58mn-58sec 11699.2 8027.14 13570.8 7240.24 1466.44 9302.84 3724.94 2000.44 16063.4 2357.04 1519.14 20744 3723.24 9051.44 15423.4 14613.9 10524.3 9055.94 14490.7 5607.64 2369.44 71.2816 0 0 470.542 1109.14 8669.75 7700.14 3361.04 1258.54 4799.94 1435.24 13.4502 0 2786.44
Antoine 2016-06-29_18h-00mn-04sec 4346.74 7899.54 12698.3 3949.64 5534.74 11532.9 1147.54 5317.94 7446.24 2141.54 4581.34 15108.4 4484.14 5345.64 12556.2 5617.44 9267.25 6735.74 9691.44 2048.54 72.021 0 142.307 1718.04 3192.94 2764.54 3930.04 3479.84 835.643 1990.04 6370.54 2357.74 0 62.8502 3397.04
Valérie 2016-06-29_18h-07mn-02sec 3830.6 16138.1 1339.83 329.731 19980.3 18751.2 926.501 13172.1 13900.8 464.741 13266.1 11822.5 2473 15457.2 19235.1 166.41 0 10729.1 9720.8 189.72 1602.3 1559.2 87.1501 11921.4 11756.4 14378.1 9160.1 1273.8 87.1003 0 3568.5 1070 0 398.611 6454.5
Valérie 2016-06-29_18h-08mn-38sec 10253.9 21988.8 1400.18 635.801 10605.6 14252.9 791.561 10359.6 17907.9 2269.5 10086.6 18588.4 4502.6 12396.6 22524.3 500.941 133.1 12491.9 14038.6 2250.36 274.051 310.251 0 5734.3 6137.7 6741.1 10084.3 1352.3 61.5501 1012.24 5077.9 8.73003 21.05 308.741 2720
Antoine 2016-06-29_19h-37mn-08sec 1649.02 1659.22 4702.52 773.722 0 2060.52 0 85.6225 1974.42 0 1109.12 4862.62 903.422 2278.72 2682.22 2897.52 2448.32 2024.72 3290.42 894.022 0 0 0 0 810.122 424.922 2607.92 1967.92 689.522 0 1701.82 791.122 0 0 1400.72
Antoine 2016-06-29_20h-16mn-16sec 5644.8 8703 9987.9 3548.7 3579.7 8968.2 828.902 5276.5 3489.5 1888.2 2357.6 7118.8 2782.5 3007.9 5961.2 5911 7689.1 4864.8 4938.5 2733.7 475.302 713.202 18.6703 1848.4 3271.3 2302.4 6175 3301.6 1385.3 172.919 4883.1 2656.6 0 0 3008.7
Antoine 2016-06-29_20h-19mn-20sec 3097.6 4578.9 5803.5 1917.1 1043.9 4551.7 560.102 2568.8 3435.8 1117.2 2164.6 6936.4 2965.8 3218.5 4991 4094.7 3841.3 3250.8 4825.5 1578.7 303.214 560.002 93.9707 107.851 1848 1761.9 4311 2193.3 1442.6 1152.6 5108.5 1700 0 0 3219.4
Antoine 2016-06-29_20h-43mn-18sec 4866.1 6693.9 7753.8 3271.6 2437.4 5270.9 1147.6 4474.5 4868.7 1641.7 3865.5 9710.3 3562.7 6405.5 7980.5 5362.7 4531.9 3519.1 5597.4 2643.6 309.214 469.002 0 1189 3558.5 3807.8 5701.6 3024.8 1233.6 1124.4 4322 2144.5 42.7217 79.1236 3574.1
Martin 2016-06-30_12h-20mn-07sec 0 0 486.015 4529 8554.9 0 0 0 0 0 0 0 0 0 0 0 0 0 0 0 0 0 0 0 0 0 0 0 0 0 0 0 0 0 0
Antoine 2016-06-30_12h-21mn-05sec 8263.5 8666 15515.8 8073.6 3320.9 11678.2 3911.6 4250.5 21493.4 4273.8 4377.4 28948.1 14304.3 10737.1 15763.1 11723.2 16264.3 17329.5 32733.1 8191.3 3541.4 619.102 449.061 1386.2 2678 3311.6 7862.8 11536.7 5309.8 3569.6 17347.9 5344.2 1229.8 193.876 7787.7
Al1 2016-06-30_12h-21mn-27sec 22827 25127 29564.5 15468.8 21479.8 32664.6 7582.4 19724.1 20720 8214.8 13796.1 19044 10976.8 17666.6 23764 30876.4 32768.7 32472.5 23024.3 12107.3 2513.1 2120.5 3339.3 14483.4 13962.7 14014.3 25297.2 14934.8 8244 9009.9 10720.1 10556.6 2994.3 5081.4 10166.6
Martin 2016-06-30_12h-22mn-13sec 4347.9 4452.7 6244.2 1940.5 5079.5 4875.7 278.83 3835.5 497.102 779.202 967.102 2143.1 35.9296 1190.2 1718.8 3613 2928.3 1558.8 1484.8 177.138 380.497 808.502 3.67017 2440.7 3399.7 2658.8 2378.1 1483.8 769.402 817.202 1576.7 1527.7 3.58508 65.3212 1010.6
Jean-Marc 2016-06-30_12h-24mn-29sec 7082.56 15815.2 5844.36 6457.26 9546.36 7194.66 5592.76 5599.36 1432.66 2040.96 1114.16 3495.96 1591.06 5451.36 6523.66 1457.36 688.771 1108.46 1064.65 5426.36 1820.06 1656.16 1032.66 2876.46 2068.86 3163.36 7375.36 1249.26 1905.06 2084.56 2045.26 4196.26 768.443 662.466 3799.66
Jean-Marc 2016-06-30_12h-25mn-32sec 5531.86 9074.46 7455.36 1300.63 3914.96 2799.26 521.106 7444.36 1030.49 1392.86 2806.16 4756.36 1057.15 2981.76 6657.46 2914.46 539.471 2316.36 926.747 356.721 3028.06 3625.76 2165.36 1507.56 4022.16 2330.76 5513.06 539.916 3087.06 3556.06 1222.85 1958.96 107.331 351.969 1747.06
AlainTerlutte 2016-06-30_13h-54mn-30sec 3820.32 4093.12 4402.62 3473.22 3180.82 4615.22 3209.92 4104.72 3147.32 4142.82 4492.22 5411.32 4343.72 5955.82 4136.32 5020.32 3792.42 4754.62 3418.82 4424.42 7260.02 7018.62 4700.92 3293.02 5574.72 5233.32 5478.22 4818.02 5570.72 7206.92 4455.02 6723.02 4145.72 3964.52 4689.22
AlainTerlutte 2016-06-30_13h-56mn-17sec 3590.52 3056.32 3820.12 2598.82 2893.82 4467.72 2118.44 4198.92 2919.62 2894.92 3982.52 4719.62 3298.22 4481.62 4542.52 3893.52 3428.92 4370.62 3769.82 4857.42 7304.52 7614.42 4841.62 2364.62 5446.82 4783.02 4386.32 3912.12 5787.52 5772.42 4737.32 5442.22 2047.32 2477.72 5270.62
Peggy 2016-06-30_14h-02mn-41sec 1172.81 731.901 2150.26 1658.66 208.733 2693.96 683.688 346.942 1054.26 2464.46 729.371 1768.56 1140.16 1539.16 412.311 1745.36 1164.76 1498.96 532.371 273.082 1626.66 1879.26 1413.36 1532.46 3640.36 6003.46 4660.76 1036.66 2160.16 2015.96 1135.06 778.57 239.152 168.719 1556.06
Peggy 2016-06-30_14h-04mn-36sec 2212.66 2165.86 2457.46 1691.56 1044.66 2118.36 846.061 1321.96 2971.56 3933.96 0 1702.16 1506.56 660.271 178.764 1790.36 2937.46 3027.56 683.57 711.201 1904.46 2893.66 1504.56 2736.06 8025.46 6184.26 2859.66 1675.16 3656.76 3757.16 1530.26 1367.76 123.419 212.077 1778.26
Jean-Marc 2016-06-30_18h-19mn-20sec 7449.7 6108.3 5989.4 704.651 3250.3 1957.4 3144.9 4076 3470.1 2950.9 2745.3 5482.4 3064.1 6395.5 8244.2 4235.5 2257.1 2973.7 3127.5 1174.7 3460.8 3811.7 3415.5 2246.1 4043 2806.1 5881.1 1842.2 3834.6 3775.6 2959.2 3956.8 2364.6 3145.8 3278.9
Jean-Marc 2016-06-30_18h-20mn-40sec 5911.88 11187.4 4998.08 3115.18 3727.58 5589.78 1891.78 4589.78 2034.08 2436.08 2406.08 4895.68 1476.66 3902.98 7029.98 2087.28 1685.28 2224.68 1510.58 935.76 3212.28 3625.68 3323.98 1208.28 2673.08 2235.58 4505.28 2171.68 3238.68 3993.88 1271.88 2958.98 1312.48 1721.58 2404.18
anonymous 2016-07-04_15h-34mn-02sec 9683.6 6782.9 13500.7 4981.8 2410.1 10073.6 649.6 4645.7 10293.1 1457.1 5544.8 16846.6 5501.7 6248.5 15303.2 12101 10457.2 7638.3 9924.9 2855.4 34.5 822 0 469.7 3028.5 2841.2 7569.4 4598.7 500.5 746.5 5601.5 2069.5 0 0 3189.1
Antoine 2016-09-06_16h-12mn-12sec 4987.08 3814.51 4666.51 2217.95 2012.87 2793.79 746.731 2556.82 3660.97 1273.33 3250.97 3666.67 2508.26 5391.9 4524.36 7026.87 3330.41 2390.82 2658.51 2472.51 901.641 402.308 643.047 1938.62 2692.87 3680.87 5544.77 3045.18 960.821 1146.36 2162.05 2120.15 622.547 823.765 2946.31
Antoine 2016-09-06_16h-26mn-07sec 10711.7 7121.54 10141.8 3612.56 6067.33 6826.36 2002.05 6067.8 7519.74 5292 8021.9 10020 4124.72 13706.4 11131 13338.6 7638.05 5117.23 5773.74 3166.97 1326.82 1277.95 1960.26 4492.67 5229.85 8152.31 8808.31 3798 1954.1 2925.33 3647.8 2993.03 1345.59 154.693 3976.05
Antoine 2016-09-08_15h-32mn-48sec 4273.33 9343.49 18847.1 6992.16 5836.31 18329.3 3310.1 5437.13 11772.5 2321.28 3806.41 19454.2 9422.51 4190.92 15845.6 5096.72 19333.2 14049.2 17474.2 4743.13 2086.87 860.513 1824.67 2901.85 2321.18 1901.33 3766.62 7320.62 3380.41 2324.62 12364.1 3749.74 1451.33 943.385 3855.38
Antoine 2016-09-08_15h-33mn-16sec 13212 10035.4 16112 14037.3 8072.31 13277.8 13066.4 4317.23 7851.03 6043.74 3377.85 8581.39 12707.7 7802.41 9797.44 12721.5 9267.08 13107.9 11111.8 10106.4 4458.72 904.975 139.231 2104.77 4392.51 4327.28 5124.62 5844.41 4722.46 2117.59 3942.92 7046.62 3333.28 1177.44 2571.79
Antoine 2016-09-08_15h-33mn-36sec 7452.72 9809.79 17014.3 8043.13 3963.18 15765.5 2426.56 4858 10931.1 480.462 5145.13 19475.2 8182.56 7356.21 16449 8199.49 16495.4 11402.4 12656.7 5467.23 1185.9 0 5.53846 1790.82 2706.92 3431.33 5017.49 7160.26 1803.74 104.923 8078 3288.41 497.128 0 4243.69
Olivier 2016-09-08_18h-15mn-52sec 1641.64 382.813 3252.11 29.6178 1705.03 963.9 0 489.325 96.0329 0 243.206 1289.85 152.906 377.916 1066.87 1945.23 795.08 144.841 796.105 0 0 0 0 190.817 310.666 492.635 459.695 0 0 0 966.772 0 0 0 418.877
