14418.5
14381.6
14450.3
14342.9
14359.6
14376.5
14307
14299.8
14300.1
14253.1
14378.7
14299.9
14174.3
14211.1
14093.9
14081.9
14082.6
13971.9
14085.9
14024.2
13987.4
14132.4
14102.9
14120.4
14155.6
14084
14243.8
14267.3
14201.2
14329
14281.2
14285.1
14347.5
14283.7
14378.2
14368.8
14324.7
14487.9
14455.2
14334.4
14419.1
14438
14423.5
14464.5
14371.9
14400.7
14462.3
14350.5
14494.2
14646.5
14911
14989.2
15215.8
15443.9
15787.9
15920.2
16059.3
16038.8
15873.5
15913.6
15707
15723
15884.9
15812
15947.9
16059.4
15986.8
15965.8
15884.9
15865
15837.1
15811.1
15955.8
16053.3
15930
15935.6
15828.5
15794.6
15858.8
15838.6
15816.2
15919.1
15846.7
15803.9
15863.6
15783.3
15826.9
15717.8
15538
15618.1
15554.8
15548.6
15556
15515
15644.1
15638
15656.4
15752.6
15718.1
15813.4
15894.1
15945.2
16061.6
16148.6
16203.8
16390.6
16417.7
16384.2
16462.2
16447.2
16576.3
16637.7
16754.4
16860.5
16901.3
16937.6
17053.2
17050
16989.9
17035.7
17009.3
17035.2
17128.7
17090.7
17116.4
17112.9
17147.4
17252.2
17159.4
17124.4
17171.3
17109.8
17188.9
17269.3
17300.4
17365.1
17308.3
17319.8
17355
17260.1
17259.6
17223.9
17152.4
17175.8
17062.3
17061.9
17122.5
17091
17166.3
17232.6
17257.7
17303.9
17252
17186.4
17181.2
17084
16997.1
16977.5
16879.1
16824.7
16801.9
16748.1
16797.2
16841.5
16883.4
16977.1
16946.7
16854.5
16791.4
16672.5
16715.2
16708.7
16667.9
16796.2
16808
16938.9
17027.4
17062.7
17161.8
17211.4
17255.3
17427.4
17604.1
17758.6
17952.4
17948.6
18050.3
18190.4
18297.8
18394.9
18466.6
18446.6
18437.4
18291.8
18310.5
18418
18430.5
18474.5
18549.6
18527.3
18593.7
18686.4
18664.5
18756.3
18683.7
18747.5
18817.7
18773.8
18792.4
18800
18812.3
18885
18821.7
18818.5
18860.3
18873.4
18916.7
18854.3
18849.4
18932.8
18867.7
18856.5
18732
18626.9
18494.8
18570.9
18519.2
18532.4
18522.2
18505.5
18742.4
18730.3
18579.6
18617
18572.5
18518.7
18466
18343.9
18431.1
18420.7
18380.3
18470.9
18437.5
18497.1
18512.5
18470.6
18577.5
18531.6
18426
18518.2
18539.7
18589.3
18704.6
18773.5
18945.4
19128.4
19146.3
19197.7
19271.9
19234.5
19258.7
19213.1
19115.3
19142.4
19008.6
19022.7
19099.7
18986.2
19060.6
19002.5
19036
19106.1
19051.4
19081.4
19184.8
19143.2
19224.7
19313.6
19294.5
19324.4
19259.4
19286.9
19375.4
19334.4
19447.2
19464.3
19421.5
19322.8
19075.3
18993
19104.1
19116.6
19127
19104.7
18960.4
18799
18759.2
18656.8
18750.7
18715.5
18658
18827.9
18808.5
18873
18836.9
18799.9
18880.5
18867.9
18818.5
18876.7
18896.2
18947.5
19021.1
18996.4
19171.3
19286.6
19277.4
19405
19534.5
19612.1
19639
19380.8
19276.8
19331.1
19426.1
19557.6
19554.8
19428
19413.7
19329.6
19236.7
19217.5
19102.2
19214.3
19397.3
19401.9
19488.3
19465.7
19404.8
19422.3
19324.2
19351.6
19279.3
19162.7
19113
19040.3
18964.9
18983.9
18853.6
18860.7
18864.3
18808.5
18793.9
18767.6
18744.7
18827.1
18797.5
18755.9
18774.1
18643.3
18542.8
18543.1
18516.5
18550
18570.7
18514.6
18602.8
18549.6
18444.6
18532.2
18491.2
18464.3
18455.1
18349.6
18437.2
18418.3
18324.6
18433.2
18345.3
18421
18370.3
18300.4
18403.8
18397.9
18330.8
18432
18382.5
18448.3
18354.3
18276.2
18453.8
18632.6
18768.5
18769
18573.6
18323.3
18378.7
18355.4
18452.2
18523.5
18438.2
18501.2
18551.5
18477.6
18534.3
18449.7
18489.1
18583.2
18511.7
18541.7
18592
18485
18514.1
18522.1
18554
18647.4
18533.6
18570.9
18629.9
18579.8
18696.2
18648.3
18689.8
18783.6
18630.7
18588
18631.7
18508.3
18391.8
18268
18201
18299.1
18275.4
18216.8
18338.3
18254.7
18118
18146.8
18069.5
18086.4
18046.2
17937.9
18056.3
17926.7
17911.5
17965
17890.6
17954.3
17945.8
17863.9
17975.7
17958.9
17911.1
17955.9
17924.7
18012.5
18012.4
17964.6
18161.3
18286.6
18320.4
18367.2
18370.8
18342.3
18475
18614
18759.5
18820.5
18623.8
18537.4
18464.6
18402
18498.4
18517.6
18489.1
18559.7
18414
18441.5
18469
18407
18423.3
18433.7
18391.5
18489.7
18386.7
18418.6
18520.9
18409.1
18502
18425.1
18476.8
18593.3
18458.5
18496.7
18661
18676.5
18789.5
18822.1
18749.9
18765.8
18811.7
18789.2
18907.5
18793.7
18551.3
18516
18355
18387.5
18271.9
18129.2
18187.7
18128
18075.7
18137.4
18088
18190
18186.1
18098.6
18254.3
18259.7
18238.2
18340.5
18266
18332.8
18352.5
18305
18453.9
18519.8
18514.3
18635.9
18676.4
18706.3
18691
18566.7
18543.5
18597.4
18459.8
18454.4
18482.3
18387.4
18436.7
18411
18433.6
18547.6
18428.6
18462.6
18550.4
18475
18568.1
18528.8
18562.6
18682.2
18635.5
18730.9
18771
18688.4
18781.8
18722.1
18719.8
18818.7
18733.3
18722.7
18658.3
18580.5
18621.5
18728
18739.5
18819.5
18758.4
18596.5
18637.6
18570
18481.9
18555.4
18458.6
18546.9
18487.1
18387.6
18492.7
18493
18585.1
18551.6
18534.1
18547.1
18599.9
18541.6
18662.5
18668.3
18658.3
18724.2
18650.7
18743.2
18683
18547.8
18651.8
18774.7
18810.2
18956.9
18996.5
19064.5
19116.9
19011.2
18972.3
19032.7
18946.8
19029.8
19118
18977.7
19086.4
18948.9
18986.3
19099
18961.3
19005.3
19103.5
19131.1
19226
19149.3
19182.2
19263.1
19202.4
19252.1
19308.5
19261.7
19257.7
19254.1
19269.8
19368.1
19280.8
19224.1
19249
19057.5
18980.2
18856.8
18833.3
18925.8
18890.2
18851.5
18923.7
18863.2
18772.9
18824.6
18756.9
18891
18817.8
18646.6
18742.9
18690.1
18704.9
18691.3
18660.4
18732.5
18727.8
18652.5
18795.9
18684.2
18797.9
18815.2
18804.2
18888.8
18877.7
18793
18878
18880.2
18796.1
18907.3
18922.4
19076.4
19169.5
19138.4
19164.4
19211.4
19120.2
19127.3
19092.3
19017.9
19106.8
19101.9
19124.7
19158.4
19197
19259.3
19307
19244.6
19349.6
19243.3
19273.9
19381.5
19283.7
19339.5
19381.2
19396.5
19442.1
19484.8
19547.4
19677.6
19703.5
19530.7
19440.1
19349.4
19381.6
19371.7
19389.7
19213.4
19182.7
19110.9
19167.6
19155.6
19164.1
19139.4
19046.8
19135.5
19162.4
19169.4
19305.4
19349.2
19313.2
19408.1
19375.2
19446.4
19384.3
19341.1
19476.1
19525.6
19561.6
19500.5
19336.2
19260.7
19191.8
18958.5
18993.1
18972.2
19066
19270.2
19402
19547.7
19540.5
19476.3
19492.2
19455.7
19336
19462.9
19621.4
19729.3
19822
19759.8
19812.9
19898.1
19858.6
19943.7
19983.8
19974.6
20094.2
20054.3
20132.7
20235.3
20090.7
20057.7
20007.4
19886.5
19905.2
19840.5
19891.2
20025.9
19959.4
20007.8
20063.1
20010.6
19997.8
19853.8
19783.6
19740.7
19712.9
19718.4
19907.5
19961.3
19912.2
19773.4
19635.4
19724.4
19769.2
19747.5
19799.4
19684.9
19669.1
19632.4
19592.7
19585.4
19469
19299.4
19309
19190.1
19017.7
19037.2
18932.1
19059.5
19034.6
18944.9
19090.4
19110.8
19129
19158.3
19123.8
19264.7
19307.3
19317.6
19519.7
19604.8
19629
19667.3
19591.9
19543.5
19537.1
19488.5
19551.7
19521.4
19367.2
19356.4
19348.2
19360.1
19513.4
19549
19565.5
19680.2
19583.3
19634.4
19663
19628.7
19722.6
19654.9
19717.5
19832.1
19741.4
19777.5
19816.3
19822.1
19886.8
19776.9
19806.9
19921
19815
19901.6
19803.3
19593.2
19395.9
19076.3
18901
19010.8
19120
19239.2
19417.7
19450.4
19542.7
19485.4
19356.7
19379.3
19206
19013.8
19085.6
19017.2
18918.6
18903.5
18781.7
18843.2
18818.6
18747
18884.4
18864.9
18838.9
18925.7
18869.6
19017
19021.6
18942.2
19081.2
19058.3
19164.6
19259.4
19313.4
19426.6
19497.8
19366.1
19284.9
19232.9
19128.6
19273.8
19335.8
19416.5
19456.9
19427.5
19465.5
19560.1
19502
19574.2
19587.2
19627.3
19715.1
19687.1
19720
19805.5
19733
19772.9
19799.2
19826.7
19919.4
19845.9
19935.4
20104.3
20032.5
20017.3
20120.7
20122.6
20080.7
19971.7
19816.6
19791.5
19636.7
19436.6
19403.4
19277.2
19210.3
19183.9
19072.5
19167.1
19129.8
19095.9
19150.1
19117.3
19116.4
19166
19083.3
19216.3
19203.1
19122.4
19251.2
19200.2
19219.8
19265.5
19172.6
19301.1
19272.9
19175.8
19277.7
19240.2
19282.2
19345.7
19286.5
19274.7
19265.2
19222.5
19420.5
19482.2
19420.6
19542.9
19561
19608.8
19663.4
19521.8
19534.5
19639.8
19540.8
19605.7
19553.9
19565.8
19638.7
19579.3
19654.1
19677.6
19603.1
19659.5
19722.8
19667.6
19781.5
19697.8
19715
19782.9
19681.6
19658.1
19663.4
19582.8
19569.5
19440.3
19374.3
19460
19452.1
19379.1
19404.2
19304.8
19424
19455.8
19407.9
19546.7
19486.9
19362.7
19406.1
19322.6
19337.2
19340.3
19257.3
1285.26
