5450.94
5447.74
5489.04
5511.34
5453.74
5427.64
5447.14
5502.14
5558.14
5553.44
5590.94
5657.24
5655.54
5648.84
5647.64
5612.04
5571.54
5553.44
5536.04
5539.54
5506.24
5517.34
5543.14
5574.54
5560.24
5511.64
5483.64
5496.34
5536.84
5547.24
5520.34
5490.84
5520.74
5548.34
5558.94
5550.44
5535.04
5594.14
5645.94
5666.24
5657.54
5627.64
5615.94
5626.24
5647.04
5663.74
5681.24
5718.04
5771.54
5747.14
5718.54
5732.54
5722.54
5746.34
5778.74
5809.44
5793.74
5796.94
5827.84
5859.14
5822.34
5784.84
5773.74
5750.24
5776.24
5785.74
5795.64
5783.44
5764.74
5802.34
5821.34
5812.24
5812.24
5796.64
5822.94
5846.34
5818.64
5769.44
5769.14
5755.54
5775.54
5772.94
5803.64
5836.24
5836.14
5872.14
5878.84
5869.04
5851.64
5825.34
5885.24
5992.34
6004.14
5993.54
5976.54
6002.44
6037.44
5992.34
5953.94
5936.44
5916.04
5946.44
5954.44
5965.94
5959.04
5949.54
6008.34
6066.34
6039.14
6010.44
6004.14
6059.14
6139.84
6120.44
6081.84
6064.24
6033.34
6053.04
6068.74
6043.34
6050.84
6084.64
6130.54
6133.44
6081.04
6047.44
6028.44
6088.74
6165.74
6163.54
6139.04
6133.64
6139.04
6178.74
6170.14
6120.94
6086.34
6045.94
6088.94
6183.34
6189.44
6176.84
6190.34
6206.24
6229.44
6177.84
6155.44
6141.74
6117.44
6152.74
6176.24
6166.74
6225.94
6256.44
6303.54
6273.64
6194.84
6167.24
6169.64
6200.24
6234.64
6189.84
6181.64
6207.04
6229.04
6297.04
6279.94
6237.64
6225.24
6193.74
6212.54
6222.34
6189.54
6241.24
6302.04
6338.34
6305.24
6268.84
6264.44
6270.04
6269.84
6259.24
6231.54
6249.94
6308.04
6333.74
6338.34
6320.24
6269.44
6266.14
6298.04
6320.24
6358.34
6408.44
6448.54
6424.54
6381.44
6432.94
6445.84
6446.44
6402.34
6345.34
6324.84
6351.64
6401.74
6480.94
6468.74
6422.84
6441.74
6461.24
6471.94
6447.04
6378.04
6385.24
6446.44
6472.84
6450.74
6376.44
6341.34
6365.74
6382.64
6414.54
6379.64
6353.04
6370.74
6399.44
6481.24
6478.34
6416.74
6430.24
6464.14
6497.84
6480.34
6423.94
6398.54
6411.74
6447.84
6453.44
6421.54
6380.14
6402.04
6474.44
6486.04
6481.84
6439.74
6429.34
6440.84
6472.04
6563.94
6556.74
6524.14
6519.34
6519.54
6560.34
6550.44
6510.04
6487.04
6467.64
6493.64
6524.04
6492.44
6491.34
6476.94
6502.44
6514.84
6478.24
6484.44
6548.54
6566.74
6578.84
6539.74
6497.04
6518.44
6557.94
6610.24
6603.54
6551.24
6588.44
6656.54
6697.84
6676.94
6616.14
6598.54
6612.44
6617.74
6618.54
6580.34
6568.54
6616.44
6634.74
6631.14
6604.54
6578.14
6632.64
6673.94
6657.24
6625.44
6572.54
6567.14
6604.64
6629.04
6636.54
6608.44
6598.74
6651.54
6678.74
6675.44
6650.74
6601.04
6634.94
6724.04
6760.24
6742.44
6716.64
6761.44
6773.64
6722.54
6650.24
6637.24
6692.34
6738.24
6702.84
6667.24
6642.84
6617.24
6641.04
6667.24
6645.24
6669.34
6724.74
6761.14
6746.24
6683.54
6649.54
6642.04
6677.14
6782.94
6772.04
6747.34
6770.94
6780.74
6791.04
6756.74
6713.74
6686.54
6665.14
6696.64
6731.64
6696.94
6668.94
6678.64
6751.54
6791.34
6747.34
6764.54
6799.14
6788.44
6773.94
6739.24
6688.94
6706.04
6748.04
6806.54
6801.34
6771.24
6820.74
6838.44
6829.04
6788.44
6749.24
6773.74
6832.54
6840.54
6807.04
6782.44
6757.84
6800.64
6813.24
6817.24
6797.44
6741.84
6769.24
6824.24
6858.34
6862.44
6797.24
6772.44
6796.64
6809.14
6828.24
6800.64
6827.44
6882.34
6853.14
6848.84
6841.14
6796.84
6772.14
6780.04
6831.44
6864.34
6815.64
6792.74
6820.54
6842.74
6860.54
6835.24
6794.84
6807.84
6849.14
6891.34
6891.14
6841.84
6851.54
6890.34
6888.44
6871.34
6823.64
6798.64
6810.24
6811.84
6817.54
6790.44
6770.84
6804.24
6811.24
6811.24
6793.54
6738.34
6765.24
6816.14
6868.04
6851.14
6803.34
6809.54
6868.24
6874.04
6860.54
6840.54
6857.14
6910.14
6900.44
6879.44
6842.54
6797.24
6823.54
6869.14
6911.44
6892.54
6859.04
6887.34
6933.64
6911.04
6862.34
6848.44
6813.04
6842.44
6886.94
6960.44
6971.34
6938.04
6977.14
6998.74
6980.14
6942.74
6868.14
6827.84
6808.24
6826.54
6865.14
6875.04
6905.54
6970.44
6953.14
6928.24
6896.94
6840.34
6867.74
6934.14
6972.04
6972.04
6900.24
6928.64
7020.84
7015.14
6964.24
6916.74
6940.74
7018.94
7003.64
6953.54
6908.34
6869.64
6906.74
6927.94
6905.24
6917.04
6950.34
6957.64
6912.14
6868.14
6903.04
6941.84
6928.84
6913.44
6898.24
6962.04
6997.64
6955.34
6925.64
6908.94
6922.04
6994.54
6963.64
6925.04
6942.24
6974.84
7051.04
7030.94
6959.84
6922.44
6901.84
6931.74
6961.14
6913.94
6903.64
6910.14
6949.24
6951.64
6906.84
6896.34
6925.34
6945.24
6955.84
6927.04
6908.04
6951.94
7000.94
7064.54
7063.94
7008.54
7040.34
7079.04
7093.54
7064.64
6994.64
6978.54
7002.84
7055.84
7137.14
7151.44
7125.14
7153.84
7158.34
7150.14
7115.84
7020.64
6990.74
6979.34
7048.14
7083.84
7046.54
7086.64
7160.54
7151.84
7142.34
7098.94
7056.54
7061.04
7115.74
7182.44
7177.34
7105.04
7123.54
7156.54
7199.64
7192.44
7115.84
7080.84
7066.64
7054.04
7114.94
7160.64
7153.14
7132.24
7109.54
7166.54
7213.34
7179.64
7160.44
7137.54
7127.14
7161.84
7170.04
7177.94
7200.04
7222.24
7266.34
7258.74
7212.34
7185.14
7150.04
7182.84
7302.44
7321.34
7306.94
7260.14
7258.54
7327.04
7308.64
7269.64
7269.44
7228.44
7264.24
7372.94
7392.04
7347.44
7309.24
7340.94
7374.24
7320.34
7278.44
7245.74
7225.14
7284.64
7370.94
7406.94
7376.84
7288.44
7273.04
7311.74
7334.04
7357.64
7304.44
7276.64
7270.04
7239.84
7243.74
7241.44
7279.04
7295.14
7272.54
7264.64
7316.84
7336.34
7355.64
7309.74
7280.64
7336.64
7378.04
7422.54
7401.84
7323.54
7305.84
7313.34
7350.34
7371.94
7317.24
7306.24
7352.94
7381.24
7408.34
7368.44
7340.64
7352.14
7413.74
7440.44
7431.04
7357.04
7317.24
7330.04
7355.24
7406.44
7363.44
7322.54
7347.54
7402.04
7481.74
7475.94
7442.74
7467.34
7476.54
7489.64
7476.64
7414.24
7373.04
7338.64
7411.54
7510.74
7499.34
7475.24
7495.34
7488.84
7489.34
7478.14
7449.74
7458.34
7480.34
7511.54
7506.64
7440.94
7444.84
7458.34
7495.74
7500.14
7436.94
7400.64
7393.84
7424.24
7475.34
7465.64
7426.74
7449.34
7463.94
7513.34
7510.84
7448.44
7463.44
7490.04
7513.54
7510.74
7444.64
7419.54
7436.64
7458.24
7481.94
7443.84
7432.14
7476.04
7474.44
7479.04
7471.24
7416.74
7437.74
7479.84
7512.94
7465.64
7390.34
7397.34
7482.74
7501.74
7474.04
7440.94
7447.24
7533.44
7562.64
7552.84
7520.24
7506.94
7589.04
7613.04
7564.94
7509.14
7453.14
7494.34
7559.04
7543.54
7510.14
7463.74
7446.54
7500.24
7522.54
7527.14
7506.54
7465.44
7502.74
7528.84
7533.44
7531.24
7467.44
7465.14
7499.14
7506.54
7513.54
7485.44
7464.64
7500.94
7517.84
7537.24
7537.24
7489.64
7444.54
7457.64
7474.04
7492.14
7472.94
7529.64
7603.64
7573.74
7537.74
7511.64
7490.34
7503.34
7501.74
7555.94
7619.44
7630.44
7593.14
7547.34
7542.44
7595.64
7625.64
7634.14
7614.94
7565.34
7571.64
7629.14
7649.24
7623.54
7577.84
7581.34
7608.44
7641.04
7639.64
7609.24
7584.14
7623.64
7655.74
7635.04
7606.24
7564.64
7531.84
7527.54
7576.64
7589.24
7569.64
7619.04
7681.94
7673.24
7626.94
7568.04
7530.24
7591.74
7665.24
7732.54
7717.34
7677.44
7722.24
7745.44
7725.34
7665.64
7619.04
7603.54
7630.64
7665.24
7680.04
7641.14
7618.54
7671.24
7696.44
7693.24
7652.24
7602.94
7631.74
7648.54
7667.54
7662.64
7612.74
7604.94
7614.54
7653.94
7664.94
7632.54
7589.04
7605.64
7623.14
7649.94
7639.74
7596.74
7632.14
7677.74
7668.84
7636.24
7636.04
7675.34
7705.64
7674.04
7714.44
7728.94
7725.24
7692.64
7625.94
7589.54
7580.54
7639.24
7722.44
7713.74
7647.24
7649.54
7667.54
7675.44
7678.44
7673.04
7721.54
7697.34
7652.24
7623.64
7582.94
7630.24
7699.24
7703.74
7683.84
7719.54
7765.74
7783.34
7707.14
7670.74
7674.74
7687.84
7721.14
7712.24
7675.04
7648.84
7662.34
7728.64
7773.34
7733.14
7679.34
7671.54
7685.94
7753.44
7724.94
7675.94
7648.24
7631.64
7680.74
7691.84
7702.84
7692.24
7730.54
7758.84
7763.84
7714.34
7665.84
7645.04
7621.34
7660.04
7679.84
7683.14
7677.14
7693.64
7751.54
7737.64
7694.64
7642.94
7626.94
7662.74
7721.54
7747.64
7744.54
7749.04
7812.24
7827.34
7755.74
7716.54
7694.44
7659.14
7701.04
7729.94
7776.74
7768.04
7710.84
7677.54
7710.44
7748.94
7770.84
7731.64
7689.34
7693.54
7716.94
7752.14
7738.14
7671.24
7684.74
7722.34
7734.54
7720.54
7658.84
7633.04
7671.14
7709.14
7743.74
7711.64
7708.44
7749.74
7745.24
7708.74
7683.64
7673.54
7745.64
7775.94
7774.04
7750.04
7696.64
7708.44
7753.74
7761.24
7747.44
7711.84
6772.34
