4180
4201.1
4210.1
4237.4
4269.5
4310.3
4358.6
4392.2
4412.6
4419.2
4433.3
4431.1
4428.4
4435.3
4458
4469.9
4479.8
4486.3
4493.4
4504.1
4527.3
4546.1
4580.7
4591.3
4582.7
4579.9
4581.5
4600.6
4614.6
4623.1
4637.9
4650.7
4669.3
4689.2
4702.8
4710.3
4707.7
4727.6
4745
4762.3
4760.7
4773.7
4780.2
4781.2
4789.4
4811
4848.1
4868
4865
4877.2
4879.2
4875.5
4866.8
4851.2
4857.8
4871.8
4866
4861.8
4856.3
4847.1
4856.8
4864.9
4877.4
4885.4
4874
4859.4
4860.2
4852.5
4844.1
4852.2
4862.3
4871.8
4876.3
4887.6
4908
4927.4
4924.8
4937
4938.4
4962.6
4965.7
4985.9
5011.1
5031.8
5042.9
5053.7
5053.4
5070.5
5080
5087.7
5105
5107.2
5113.5
5132.5
5150.8
5171.4
5196.4
5202.8
5212.4
5213.4
5218.6
5245.4
5272.9
5278.4
5277.2
5266.3
5271.9
5267.5
5257.4
5266.1
5273.9
5288.5
5295.1
5277.1
5288.8
5306.5
5297.9
5321.4
5335.5
5319.9
5328.4
5327.5
5316.6
5301.9
5292.9
5312.3
5336.1
5323.4
5306.2
5303.3
5305.9
5309.3
5292.8
5272.9
5260.4
5262.4
5297.1
5326.4
5331.1
5352.6
5352.3
5349.6
5358.1
5349.4
5350.7
5376.3
5381.2
5409.1
5418.6
5421.7
5443
5443.2
5447.7
5461.5
5455.6
5471.9
5486.1
5504.1
5526.9
5541.5
5539.9
5560.5
5579.3
5583.7
5585.9
5581.2
5601.7
5627.5
5634.9
5647.3
5644
5634.6
5627.6
5629.4
5623.8
5637.8
5631.3
5646.3
5665.4
5644.3
5652.6
5646.3
5653.9
5666.8
5637.5
5634.3
5660
5663.8
5674.2
5665.3
5663.5
5653.6
5639.4
5614.9
5610.6
5590.5
5571.8
5578.9
5561.9
5578.5
5578.1
5569.1
5599.7
5617.4
5622.2
5639.1
5646
5654.7
5661.2
5675.6
5710.4
5718.4
5719.5
5734.8
5739.2
5751.9
5743.5
5750.3
5788.2
5813.5
5815.6
5824.8
5833.6
5830.4
5835.3
5866.3
5906
5932.5
5925.5
5925.9
5924.7
5914.5
5917.1
5922.6
5919.4
5929.6
5912.8
5918
5934.8
5921.8
5924
5916.3
5919.1
5923.5
5918
5922.9
5933.6
5934
5930.8
5918.5
5915.8
5893.3
5865.3
5842.9
5840.4
5832.5
5823.3
5818.7
5833.7
5846.5
5842.9
5827
5836.2
5832.7
5831.7
5847.1
5861.6
5886.2
5889.6
5888.8
5917.4
5930.7
5939.2
5944.6
5954.4
5980.3
5993.9
6018.8
6037.5
6031.9
6030.8
6021.5
6030.9
6042
6054.7
6049.2
6049.4
6050.9
6034.7
6047.2
6061.5
6080.7
6084.7
6075.2
6093.1
6116.4
6115.3
6114.8
6125.6
6118.3
6123.6
6123.8
6120.9
6138.1
6122.2
6125
6141.7
6137.3
6140.7
6116.2
6098.2
6074.8
6049.7
6039.7
6051.5
6050.1
6044.5
6042.2
6039.5
6045.5
6034.3
6027.7
6044.9
6063
6078.1
6088.4
6076.1
6093.6
6097.3
6092
6118.2
6124.3
6119.7
6130.4
6115.7
6134.9
6135.5
6129.4
6149.2
6166.5
6187.4
6215.9
6223.7
6234.3
6264.8
6271.9
6278.9
6293.7
6281.2
6286.9
6296.8
6289.6
6285.9
6269.2
6247
6239.3
6238.9
6253.8
6244.1
6222.4
6220.2
6236.1
6250.3
6246
6231
6241.4
6255.4
6233.3
6197.1
6162.8
6128.1
6127.1
6140.1
6142.7
6165.2
6161
6148.6
6155.3
6151.1
6174.9
6180
6182
6215.1
6225.4
6236.2
6243.9
6265.3
6287.6
6303.9
6300.6
6307
6298.2
6293.9
6310.4
6323.3
6320.1
6322.4
6307.1
6317.9
6340.8
6337.6
6349.7
6364.6
6365.5
6367.2
6358.7
6368.7
6378.8
6384.9
6424.8
6432.9
6429
6425.9
6415.7
6421.8
6444.4
6448.3
6463.3
6455.9
6448
6432.5
6405.3
6417.8
6427.1
6404.8
6383.3
6391.2
6376.5
6360.6
6359.1
6362.7
6361.1
6335.3
6312.3
6325
6329.6
6329.5
6345.6
6363.9
6386.5
6394.7
6389
6405.3
6407
6430.6
6447.4
6436.4
6428.8
6428.2
6436.5
6434.5
6410.1
6398.8
6411.3
6410.7
6418.2
6418.5
6413.3
6432
6438.1
6434
6462.8
6475.6
6497.8
6510.8
6519.8
6538.7
6564.1
6561.9
6568
6567.8
6547.4
6549.8
6537.1
6529.6
6535.2
6520.7
6521.6
6534.4
6527.3
6538.5
6530.9
6545.9
6561.1
6529.8
6519.1
6510.3
6486
6471.7
6463.2
6473
6477.7
6462.7
6429.4
6430.1
6422.5
6409.2
6408
6407.2
6415.1
6411.4
6405.3
6421.5
6440.6
6433.6
6436
6422.6
6441.1
6426.9
6414.3
6440.4
6443
6447
6466.1
6463.1
6468.8
6471.5
6473.7
6493.1
6495.4
6496.2
6517.9
6538.9
6544.1
6551.1
6577.2
6609.6
6629.3
6620.6
6621.6
6626.9
6608.7
6615.4
6593.5
6602.7
6612.3
6603.2
6614.8
6611.2
6599.6
6608.3
6593.1
6604.7
6599.1
6570.9
6568.5
6567.6
6551.7
6523.5
6520
6494.1
6487.6
6459.5
6431.4
6434
6430.5
6430.3
6439.8
6442.3
6463.8
6459.9
6451.6
6468.1
6464.9
6452.4
6453.4
6456.5
6476
6491.6
6480.6
6504.7
6525.2
6544.8
6553.2
6562.4
6583.8
6583
6567.4
6578
6581.9
6573.5
6585
6589.2
6614.6
6637.8
6627.9
6607.8
6613.1
6622.9
6647.2
6653.3
6641.6
6657.5
6630.9
6627.7
6656.7
6647.2
6641.3
6630.4
6619.7
6614.1
6612.4
6614.7
6634.2
6633.6
6637.1
6631.4
6601.8
6560.7
6545.1
6538.4
6535.6
6519.7
6513.5
6525.1
6509.5
6512.1
6493.4
6477.7
6498.7
6508.3
6519.8
6538.7
6545.3
6547.8
6565.1
6584.8
6610.7
6618.9
6609.9
6625.5
6622.3
6610.5
6627.5
6627.2
6652.5
6684.4
6703.5
6756
6780.7
6767.5
6753.5
6744.4
6742
6749.4
6764.2
6758.9
6770.6
6765.1
6765.1
6748.4
6736.3
6735.9
6729.9
6742.2
6759.1
6742.4
6747.7
6738.5
6719.6
6712.3
6710.6
6712.9
6717.5
6701.6
6701.4
6672.6
6682.2
6713
6703.5
6697
6700.7
6662.3
6635.1
6624.7
6608.9
6579.2
6567.9
6566.1
6597.8
6587.1
6579.8
6568.3
6550.5
6548.8
6567.3
6577.4
6593.1
6605.4
6623.4
6649.7
6651.4
6643.9
6660.1
6658.4
6665.2
6660.9
6656.6
6667.3
6659
6657.8
6688.3
6712
6734.6
6740.2
6748.5
6760.8
6777.8
6778.6
6783.5
6790.4
6780.8
6797.1
6798.3
6812.8
6837.1
6829.5
6837.9
6829.7
6832.1
6836.3
6806.8
6810.8
6820.3
6809
6807.2
6801.2
6802.7
6810.3
6794.1
6823
6841.2
6818.5
6805.9
6793.7
6753.8
6755.1
6760.2
6764.4
6766.2
6731.5
6701.3
6676.2
6657.4
6659.2
6690
6703.8
6710.9
6730
6730.8
6752.6
6738.1
6723.5
6731.4
6722.1
6736.7
6740
6728.9
6736.6
6734.8
6731.4
6750.4
6755.1
6765.3
6777.8
6785.3
6798.6
6808.9
6818.7
6846
6862.3
6867.5
6890
6896.6
6899.4
6903.6
6886.1
6895.5
6903.4
6894.7
6882.5
6887.6
6883.3
6883.2
6872.3
6886.3
6901.9
6895.2
6902.6
6914.5
6908.3
6920.5
6892.9
6891.5
6904.7
6875.2
6866.7
6863.2
6849.6
6840.6
6790.1
6766.8
6762.8
6741.3
6710.4
6707
6716.4
6737.5
6746.9
6741.6
6766.4
6767.3
6753.2
6774.5
6762.4
6766.8
6757.3
6743.4
6769.3
6777.8
6783
6799.4
6801.4
6820.7
6844.7
6852.3
6884.1
6883
6859.3
6848.9
6847.8
6862
6888
6898.1
6905.2
6915.9
6926.4
6953.5
6958.3
6950.6
6959.9
6958.3
6954
6960
6950.2
6965.5
6979.7
6959.8
6964.1
6941.6
6940.1
6951.1
6924.4
6924.5
6936.7
6922.7
6938.2
6935.9
6939.8
6948.1
6938.5
6934.9
6908.7
6861.6
6815.3
6809.8
6798.4
6790.8
6788.1
6774.5
6792.4
6783.6
6765.5
6784.4
6776.7
6793.8
6802.1
6812.7
6838.4
6844.9
6854.5
6872.8
6882.6
6902.8
6903.8
6896.8
6906.1
6904.1
6893.9
6888.9
6881.2
6869.1
6881
6902.9
6935.6
6955.5
6940.8
6958
6973.9
6977.6
7003.3
6986.9
7001.6
7010.5
7003.2
7017.6
7025.3
7016.5
7028.9
7009.2
7037
7033
6986.3
6982.9
6985.6
6969.8
6977.9
6989.6
6992.1
6983.2
6928.5
6887.2
6883.7
6870.8
6869.1
6873.7
6864.6
6856.2
6818.6
6780.7
6784.6
6772.9
6796.7
6839.4
6848.7
6857.6
6871.9
6904.9
6933.4
6927.9
6925.5
6953.5
6952.1
6966.7
6960.4
6946
6951
6955.7
6978.2
6994.9
7002.9
6992.1
6977.8
6989.6
7007.7
7015.9
7001.2
7014.9
7030.9
7019.2
7037.2
7029.4
7046.3
7057.6
7049.4
7064.5
7073.4
7077
7092.7
7076.5
7087
7093.1
7061.6
7063.1
7065.8
7053.7
7035.4
7039.7
7028.5
7037.2
7012.4
7000.5
6996.8
6955.8
6946.7
6940.2
6943.1
6949
6916.5
6887
6893.7
6876.7
6856.7
6854.7
6838.9
6853.8
6849.7
6838.9
6872.2
0
