2767.44
2806.64
2897.74
3016.44
3091.64
3202.84
3282.24
3285.64
3351.14
3338.24
3379.84
3434.44
3419.74
3431.44
3518.94
3539.44
3656.44
3679.14
3641.44
3648.74
3588.74
3666.64
3848.54
3852.14
3904.14
3837.84
3808.54
3826.24
3800.14
3814.64
3852.44
3831.24
3865.34
3855.54
3825.54
3863.04
3845.94
3860.14
3918.64
3922.54
3986.54
4034.64
4014.44
4054.14
4168.84
4562.94
5012.84
5063.74
4952.54
4841.64
4710.74
4628.14
4677.64
5169.74
5791.44
5917.14
5804.04
5477.94
5160.44
4939.54
4805.74
4859.14
4987.34
4963.34
4848.74
4750.94
4645.74
4642.34
4558.54
4526.04
4539.64
4480.84
4526.24
4508.54
4481.64
4545.84
4736.34
4866.34
4865.54
4763.74
4738.24
4664.54
4590.54
4528.84
4499.14
4535.84
4574.34
4520.44
4545.54
4745.44
4951.64
5088.74
4968.84
4817.64
4767.34
4764.64
4870.04
4863.14
4859.94
4809.94
4712.54
4614.84
4513.44
4399.44
4400.84
4438.34
4434.94
4448.64
4420.24
4408.14
4481.34
4493.24
4525.44
4400.44
4224.14
4275.14
4384.94
4562.94
4787.14
4830.94
4882.04
4888.74
4868.84
4912.54
4756.94
4547.74
4475.94
4474.34
4586.94
4682.94
4650.64
4679.24
4676.74
4694.04
4819.74
5233.34
5481.54
5529.64
5344.84
5134.14
4979.44
4940.34
4980.74
4980.54
5011.84
4849.74
4543.94
4491.84
4615.24
4575.74
4194.24
3841.34
3926.74
4039.04
4050.84
4150.44
4327.34
4455.84
4705.24
5063.14
5345.44
5405.24
5325.64
5272.14
5059.14
4783.14
4628.44
4706.74
4989.94
5343.44
5436.54
5443.74
5520.54
5759.54
5836.64
5620.34
5499.24
5450.54
5393.24
5313.54
5184.54
5132.34
5179.04
5194.04
5254.94
5167.44
4842.54
4713.94
4683.54
4514.44
4512.24
4600.24
4767.34
4745.14
4629.44
4652.34
4805.54
5046.44
5501.64
5639.14
5644.24
5597.04
5449.84
5120.24
5001.24
5057.54
5161.14
5158.14
5403.54
5800.14
5910.94
5861.34
5729.34
5581.24
5304.14
5173.84
5363.84
5728.44
5620.34
5500.04
5499.64
5503.34
5619.14
5948.44
6270.14
6305.74
6053.44
5803.34
5553.54
5409.64
5222.04
4966.64
4968.14
5157.14
5643.74
6002.24
6158.14
6089.04
5907.44
5479.34
5203.24
4950.24
4753.54
4744.04
4736.14
4563.34
4561.74
4714.14
4895.74
4892.64
4727.54
4780.84
4936.14
5068.24
5180.04
5178.34
4905.74
4803.04
4874.34
5155.74
5532.84
5895.94
5949.04
5852.94
5790.94
5774.64
5646.84
5335.54
5122.94
5121.24
5215.34
5155.74
4897.94
4799.24
4877.04
5031.14
5251.44
5635.24
6082.54
6181.14
6091.74
5867.34
5425.24
5337.94
5375.94
5424.74
5520.74
5495.14
5251.44
5138.54
5156.84
5218.34
5102.24
4827.94
4795.64
4891.64
5005.44
5008.74
4825.14
4816.54
4943.94
5020.04
5181.04
5210.54
4941.94
4863.94
4968.54
5132.04
5095.44
4863.94
4850.94
5019.34
5141.44
5414.44
5861.44
6268.94
6364.84
6243.44
6228.74
6549.24
6733.74
6682.74
6500.64
6285.94
5953.04
5551.24
5415.44
5462.94
5563.64
5469.34
5186.14
5122.94
5224.94
5308.54
5402.44
5470.74
5808.64
6228.24
6434.34
6310.34
6050.84
5658.14
5469.84
5542.24
5554.74
5628.64
5561.34
5324.64
5178.24
5170.54
5437.44
5932.54
6321.44
6388.14
6358.84
6277.04
6063.94
5673.64
5510.64
5584.94
5649.94
5787.14
6098.84
6503.04
6567.94
6432.34
6439.14
6749.84
6979.54
6826.44
6696.24
6409.54
6179.04
5831.64
5545.04
5539.34
5610.14
5745.14
6012.34
6271.24
6409.94
6289.64
6272.14
6530.34
6701.64
6705.44
6540.04
6332.64
6158.94
5828.04
5729.94
5749.14
5788.04
5883.74
6126.14
6370.34
6455.54
6277.94
5930.04
5653.54
5610.84
5683.64
5726.64
5942.74
6405.94
6616.34
6580.54
6492.04
6368.54
6114.44
5865.84
5779.84
5857.34
5883.74
6017.94
6379.44
6612.44
6593.44
6507.04
6386.44
6246.54
6034.44
5909.84
5941.64
5929.44
6023.84
6321.34
6558.94
6614.84
6474.64
6375.04
6298.34
6111.24
6037.54
6068.24
6049.04
6086.24
6225.24
6519.54
6633.34
6547.74
6529.34
6630.24
6918.34
6897.64
6760.24
6621.74
6555.04
6316.04
6217.94
6186.44
6169.44
6218.94
6354.44
6571.64
6666.44
6578.64
6546.74
6670.94
6840.94
6895.34
6743.54
6661.34
6592.24
6575.34
6648.84
6664.14
6569.84
6530.14
6410.74
6316.44
6343.34
6458.04
6708.74
6807.24
6691.44
6621.34
6543.34
6486.24
6542.14
6559.84
6545.94
6494.54
6334.94
6225.44
6173.24
6187.84
6255.34
6249.94
6308.84
6342.14
6312.44
6369.04
6529.84
6748.54
6846.04
6735.34
6618.14
6584.74
6459.84
6342.24
6250.84
6207.94
6240.54
6261.54
6269.24
6285.74
6275.64
6305.14
6317.04
6301.04
6376.74
6407.64
6485.84
6492.54
6497.64
6719.54
6835.74
6812.14
6699.44
6592.34
6597.54
6642.64
6606.94
6617.64
6564.94
6509.74
6488.44
6421.74
6393.24
6371.24
6362.04
6495.54
6581.04
6560.44
6555.94
6529.24
6552.24
6578.64
6539.24
6681.84
6877.24
6953.74
6971.34
6907.14
6774.04
6729.64
6659.64
6680.34
6662.54
6612.74
6621.64
6588.64
6600.44
6618.04
6593.24
6604.94
6595.04
6590.74
6625.54
6653.04
6646.24
6647.94
6597.84
6606.94
6566.34
6518.74
6548.84
6542.44
6572.44
6608.84
6589.14
6604.04
6549.94
6608.14
6662.34
6630.44
6627.44
6600.14
6558.34
6630.44
6632.34
6642.44
6658.24
6642.74
6659.94
6706.64
6672.24
6690.94
6708.94
6685.74
6673.24
6652.74
6662.54
6698.54
6659.14
6661.04
6636.74
6618.44
6680.24
6660.04
6673.44
6643.24
6650.24
6716.84
6715.24
6661.34
6651.34
6636.04
6626.54
6672.24
6679.84
6707.54
6689.14
6642.64
6652.84
6659.34
6712.34
6816.14
6791.94
6782.54
6758.64
6760.74
6789.94
6727.44
6660.24
6681.74
6725.74
6836.94
6972.24
6994.04
6970.84
6914.24
6868.54
6817.34
6733.04
6765.84
6837.74
6841.84
6812.44
6753.54
6733.84
6694.34
6628.04
6583.44
6578.94
6584.94
6648.44
6696.94
6707.14
6707.44
6656.94
6676.44
6692.14
6851.14
6999.54
7008.94
6985.34
6957.54
6908.64
6914.64
6828.84
6811.34
6923.54
6923.64
6875.54
6852.44
6790.94
6765.44
6720.24
6674.14
6696.94
6695.54
6674.84
6675.14
6644.84
6672.14
6684.74
6673.34
6697.24
6670.74
6664.64
6686.14
6616.64
6593.34
6578.74
6582.24
6635.84
6647.94
6639.44
6657.84
6640.94
6663.34
6750.24
6888.74
7139.54
7158.14
7136.24
7054.94
7050.94
7087.04
7037.54
7018.24
7073.04
7023.74
6945.34
6924.14
6874.94
6893.04
6877.34
6820.04
6825.64
6786.94
6762.44
6855.74
6963.74
7099.24
7078.64
6984.14
6952.24
6873.54
6735.04
6710.54
6669.04
6699.84
6711.84
6697.54
6728.34
6722.44
6712.74
6893.54
7200.54
7361.04
7332.14
7163.64
7053.14
6937.64
6900.94
6901.04
6885.34
6899.74
6907.34
7244.84
7480.14
7483.84
7304.84
7129.84
6973.74
6935.64
6963.44
6955.94
7003.44
6881.54
6614.04
6594.24
6590.44
6743.24
6898.74
6938.04
6971.04
6941.24
6944.54
6972.54
6878.44
6744.24
6588.64
6588.84
6795.74
7022.74
7118.84
7093.24
7033.04
6999.14
7040.74
7252.04
7517.54
7492.44
7328.74
7325.04
7484.34
7608.84
7542.94
7409.94
7319.74
7145.34
6855.04
6735.64
6726.04
6764.94
6672.54
6488.14
6645.34
6954.64
7222.74
7238.54
7223.24
7414.74
8021.64
8194.14
8047.04
7786.04
7355.14
7178.74
7088.24
6945.04
6643.14
6562.74
6758.24
7015.34
7170.54
7200.64
7130.14
7073.84
6872.44
6618.54
6515.04
6521.24
6615.54
6882.84
7332.64
7631.44
7668.34
7481.54
7106.14
6863.44
6783.94
6806.34
6792.84
6811.94
6637.84
6384.24
6344.94
6433.74
6805.24
7191.14
7281.94
7231.54
7180.14
7038.34
6808.84
6598.84
6585.44
6682.44
6748.54
7005.44
7485.54
7628.34
7590.04
7420.24
7130.74
6960.14
6922.34
6958.24
7007.04
6964.74
6679.54
6527.24
6728.74
7174.54
7580.74
7762.24
7623.84
7440.24
7296.44
7250.74
7466.34
7820.84
7829.44
7628.44
7571.14
7718.24
8056.64
8003.54
7726.64
7321.84
6928.84
6793.84
6839.54
6858.84
7033.24
7412.24
7667.24
7623.64
7451.24
7308.94
7232.64
7083.44
6767.34
6542.04
6486.14
6627.04
6719.94
6910.64
7413.24
7619.04
7619.54
7571.24
7780.74
8080.64
8063.34
7904.34
7697.24
7442.24
7127.44
6811.94
6723.54
6928.74
7375.54
7669.14
7704.04
7542.54
7464.44
7365.04
7584.34
7922.04
7955.34
7795.04
7696.94
7915.04
8119.84
8029.64
7838.04
7810.44
8086.74
8216.74
8118.34
8131.84
8164.84
8036.34
7760.44
7367.84
6925.74
6829.84
6890.84
6940.94
7165.24
7585.64
7829.84
7757.84
7644.74
7474.74
7272.44
6829.24
6704.14
6764.04
6844.14
6935.54
7095.34
7339.84
7427.24
7629.84
8012.84
8104.74
7853.64
7436.94
7035.34
6890.84
6903.24
6911.34
6933.44
6863.84
6566.14
6427.04
6540.54
6672.64
6603.14
6349.64
6291.54
6421.24
6509.44
6430.14
6271.14
6301.34
6501.84
6673.64
6750.24
6744.34
6519.34
6473.64
6608.04
6696.54
6624.44
6462.94
6424.44
6574.74
6713.34
6957.04
7375.54
7640.64
7631.64
7467.04
7280.14
6966.54
6850.24
6916.24
7012.64
7229.34
7545.44
7738.44
5650.88
