2548.62
2476.92
2422.22
2393.92
2373.42
2369.72
2329.42
2321.82
2329.52
2321.62
2317.02
2309.12
2329.92
2330.72
2314.22
2292.82
2302.12
2303.02
2291.32
2282.72
2306.02
2301.12
2297.32
2297.72
2310.42
2311.92
2308.02
2290.82
2297.22
2291.42
2289.22
2280.72
2296.52
2309.62
2301.92
2298.92
2328.42
2326.92
2333.02
2337.02
2356.42
2345.52
2353.42
2358.12
2374.42
2368.02
2366.62
2362.32
2384.82
2373.32
2384.52
2365.52
2381.72
2388.62
2392.02
2397.52
2416.02
2430.72
2432.72
2442.42
2463.92
2475.32
2471.42
2472.42
2485.32
2489.92
2483.02
2483.42
2493.72
2501.52
2505.12
2519.82
2544.42
2552.12
2539.92
2533.72
2535.42
2525.22
2515.32
2485.42
2477.42
2488.72
2489.92
2473.32
2487.62
2497.52
2483.92
2476.52
2493.32
2497.82
2481.52
2475.72
2480.42
2476.52
2457.72
2447.52
2460.72
2459.52
2437.02
2430.82
2445.32
2449.42
2437.02
2432.22
2448.12
2454.32
2446.12
2442.82
2453.12
2452.02
2440.92
2436.52
2437.12
2426.02
2411.72
2430.02
2441.62
2429.92
2431.52
2456.12
2483.22
2486.72
2477.22
2465.92
2469.82
2471.12
2462.52
2469.92
2482.52
2480.82
2470.72
2472.52
2467.82
2466.92
2447.62
2445.72
2445.52
2455.42
2448.42
2455.62
2458.02
2470.52
2473.42
2466.82
2467.92
2489.02
2493.22
2500.72
2499.72
2515.62
2518.02
2527.82
2527.62
2539.42
2527.52
2536.32
2544.42
2564.22
2554.52
2565.52
2586.52
2596.72
2600.02
2614.32
2630.22
2635.62
2629.02
2635.62
2651.22
2657.72
2657.22
2631.62
2642.72
2646.82
2639.52
2630.62
2629.32
2641.62
2640.12
2641.82
2642.92
2648.62
2636.42
2633.92
2636.32
2643.82
2634.62
2627.62
2619.12
2621.12
2612.22
2603.62
2604.12
2619.12
2608.92
2600.52
2601.22
2610.92
2588.92
2585.12
2586.42
2582.42
2582.82
2581.32
2571.22
2577.32
2570.22
2559.42
2565.92
2574.92
2556.22
2556.42
2565.82
2572.12
2547.02
2538.32
2535.22
2542.22
2529.32
2530.82
2533.72
2533.22
2520.52
2511.62
2517.22
2517.62
2490.12
2489.02
2502.12
2508.42
2476.22
2468.72
2475.72
2477.12
2479.92
2475.82
2479.02
2494.82
2485.82
2478.12
2485.52
2487.32
2496.22
2472.02
2490.32
2498.72
2494.32
2475.02
2476.32
2474.62
2476.52
2467.62
2474.02
2473.42
2474.32
2465.52
2467.62
2470.92
2462.92
2456.52
2467.82
2472.42
2454.32
2441.72
2449.32
2456.42
2456.82
2434.62
2433.42
2446.72
2442.32
2430.22
2426.12
2437.32
2435.02
2426.12
2438.22
2441.32
2443.92
2440.82
2439.82
2457.02
2448.82
2444.22
2444.12
2460.32
2444.42
2434.62
2444.62
2446.42
2448.22
2448.82
2440.42
2456.42
2445.22
2444.62
2463.02
2464.82
2455.52
2452.82
2453.22
2464.32
2460.92
2460.22
2451.32
2457.52
2444.62
2444.22
2447.62
2463.62
2465.92
2461.52
2457.02
2475.52
2469.72
2469.12
2469.72
2482.72
2471.52
2465.92
2473.22
2495.12
2493.52
2495.22
2499.52
2511.22
2499.82
2502.92
2504.52
2513.32
2497.42
2492.62
2492.12
2507.02
2498.92
2497.62
2493.42
2511.32
2508.62
2507.72
2502.32
2509.12
2502.52
2507.42
2503.42
2501.02
2521.12
2522.82
2520.32
2522.42
2515.32
2521.82
2530.22
2534.42
2522.62
2504.22
2515.32
2550.32
2583.02
2571.42
2557.52
2565.12
2549.82
2547.12
2549.12
2560.42
2553.32
2545.12
2551.72
2567.12
2565.62
2554.42
2559.02
2566.32
2570.52
2552.22
2553.42
2569.72
2568.02
2557.42
2564.82
2573.42
2566.52
2557.72
2562.92
2574.12
2571.62
2561.62
2560.52
2578.12
2575.42
2576.92
2576.22
2588.72
2580.92
2566.62
2580.92
2595.22
2615.52
2614.62
2624.62
2625.52
2629.12
2621.22
2635.22
2640.22
2636.32
2621.52
2623.72
2649.62
2651.92
2628.32
2626.02
2650.02
2646.92
2635.22
2630.32
2643.32
2632.12
2635.12
2633.32
2649.32
2635.02
2631.82
2620.42
2646.92
2644.32
2641.82
2631.12
2649.02
2638.02
2638.52
2634.42
2650.62
2635.52
2635.82
2631.02
2651.12
2635.12
2630.92
2623.52
2638.42
2622.02
2623.92
2629.92
2642.82
2631.22
2630.02
2616.92
2629.02
2631.12
2630.12
2627.82
2641.52
2637.82
2623.62
2613.42
2636.62
2640.82
2628.12
2617.62
2631.72
2629.82
2618.62
2611.62
2629.52
2622.02
2634.32
2613.52
2625.62
2632.52
2620.62
2615.42
2634.22
2632.32
2613.02
2604.52
2624.32
2628.92
2620.22
2608.92
2617.92
2624.42
2624.12
2620.52
2625.32
2624.52
2612.92
2609.82
2607.32
2625.12
2630.12
2615.42
2615.92
2638.12
2625.52
2621.62
2625.72
2622.92
2608.42
2610.82
2621.02
2625.32
2617.82
2618.62
2631.12
2633.12
2617.92
2612.32
2627.42
2630.72
2616.42
2615.62
2631.02
2634.82
2624.12
2623.62
2633.52
2633.32
2615.72
2613.02
2631.62
2633.32
2641.52
2643.92
2641.12
2635.02
2638.82
2630.52
2638.82
2635.02
2623.72
2624.32
2641.22
2640.92
2626.92
2626.22
2641.72
2639.52
2622.12
2618.82
2623.92
2637.62
2636.52
2622.62
2634.32
2628.62
2627.52
2621.12
2647.52
2645.82
2643.82
2630.42
2646.72
2636.72
2631.92
2618.32
2636.12
2638.82
2642.12
2629.32
2641.32
2635.32
2636.52
2626.02
2640.92
2638.62
2644.02
2636.42
2638.62
2642.02
2640.72
2630.42
2651.92
2640.42
2633.92
2620.32
2636.12
2640.52
2637.62
2627.02
2643.82
2645.92
2637.42
2624.52
2644.72
2647.12
2640.22
2629.92
2635.92
2635.72
2637.02
2628.12
2648.32
2648.52
2636.92
2629.92
2648.72
2647.52
2631.32
2618.92
2632.82
2641.02
2640.52
2623.92
2640.62
2641.32
2642.12
2627.92
2629.02
2641.02
2631.62
2628.02
2622.52
2625.12
2617.42
2619.72
2623.22
2629.02
2619.12
2618.72
2626.52
2639.42
2628.42
2626.12
2635.92
2644.72
2628.52
2624.42
2634.52
2638.72
2634.02
2623.82
2638.92
2639.32
2632.72
2616.22
2625.12
2626.42
2620.62
2605.02
2615.92
2614.32
2598.22
2601.32
2601.82
2616.02
2606.12
2608.92
2607.32
2619.42
2617.12
2600.82
2609.62
2618.42
2609.92
2610.82
2619.32
2616.82
2628.12
2650.72
2657.52
2630.72
2609.42
2608.02
2621.82
2628.02
2628.32
2611.32
2624.52
2627.12
2627.92
2612.82
2623.42
2626.42
2627.72
2615.92
2635.42
2637.42
2630.22
2614.82
2628.02
2630.22
2631.12
2624.12
2637.22
2628.02
2618.32
2613.62
2634.22
2632.62
2628.42
2610.22
2611.22
2636.92
2636.22
2614.52
2618.22
2640.02
2636.92
2625.02
2630.32
2637.02
2627.72
2616.12
2610.22
2620.62
2621.02
2616.52
2626.12
2638.02
2629.72
2623.82
2622.62
2622.32
2622.12
2622.02
2618.02
2625.32
2630.82
2615.62
2618.32
2627.32
2626.62
2610.32
2622.82
2631.72
2629.22
2609.02
2620.52
2633.02
2636.22
2611.12
2602.42
2616.92
2619.02
2603.52
2615.22
2622.22
2623.72
2607.42
2617.92
2626.92
2624.62
2594.22
2602.62
2611.62
2611.42
2591.32
2605.92
2609.12
2616.32
2595.52
2592.02
2605.12
2600.42
2596.92
2600.12
2601.82
2611.62
2594.42
2590.32
2593.22
2579.92
2580.32
2582.62
2591.42
2578.52
2576.22
2579.22
2590.52
2576.82
2579.62
2583.32
2592.82
2573.92
2572.02
2568.22
2581.22
2575.32
2577.12
2575.12
2586.12
2568.92
2567.82
2576.02
2566.92
2547.12
2558.42
2571.82
2583.42
2573.32
2574.32
2571.62
2580.12
2582.72
2602.02
2626.72
2629.62
2614.42
2590.52
2574.42
2578.72
2575.72
2563.82
2566.22
2579.52
2578.92
2565.12
2567.12
2578.22
2577.92
2563.62
2565.92
2573.92
2573.12
2559.72
2561.02
2563.02
2563.42
2550.52
2552.72
2565.12
2558.72
2550.02
2553.72
2558.32
2552.52
2543.92
2550.42
2558.82
2549.12
2537.72
2544.02
2541.22
2539.52
2531.82
2539.42
2537.72
2543.62
2545.72
2539.02
2531.42
2527.82
2525.02
2537.62
2540.52
2528.22
2517.32
2511.32
2514.52
2497.42
2493.72
2504.82
2529.92
2514.52
2510.02
2494.62
2505.62
2498.32
2501.02
2492.52
2509.92
2511.72
2513.72
2496.82
2518.32
2515.82
2497.52
2483.82
2498.62
2501.12
2496.12
2498.92
2504.22
2507.72
2501.52
2509.72
2503.82
2495.22
2478.22
2493.02
2495.52
2501.02
2480.62
2487.72
2481.02
2479.92
2462.52
2477.62
2481.82
2501.12
2492.32
2502.42
2485.42
2492.32
2474.22
2487.52
2481.12
2479.12
2466.92
2473.92
2489.02
2486.92
2464.32
2475.22
2478.62
2491.02
2474.52
2470.62
2483.92
2483.22
2458.92
2462.12
2479.92
2482.62
2469.82
2472.52
2485.42
2466.12
2465.72
2471.22
2484.22
2483.92
2469.62
2468.42
2481.02
2475.32
2467.52
2470.92
2491.82
2475.32
2442.02
2426.02
2449.42
2464.32
2454.12
2451.42
2464.92
2469.72
2466.12
2441.82
2433.62
2441.02
2442.12
2436.42
2448.12
2443.42
2434.32
2443.42
2451.22
2440.72
2430.12
2438.22
2456.52
2458.22
2449.02
2452.42
2455.42
2448.72
2449.72
2455.32
2458.32
2467.62
2448.72
2444.22
2447.62
2452.12
2439.92
2439.42
2446.32
2437.02
2419.72
2426.42
2428.82
2431.12
2418.32
2431.72
2440.62
2439.02
2422.82
2431.62
2429.22
2428.92
2422.62
2423.52
2439.02
2436.42
2430.42
2433.32
2441.52
2428.82
2425.62
2412.82
2426.02
2412.52
2415.32
2414.92
2435.52
2422.92
