162.065
158.865
150.357
155.211
167.874
172.728
159.811
144.44
157.357
160.465
152.957
154.457
159.465
157.365
148.157
148.357
154.065
146.965
143.465
136.057
139.465
138.465
133.357
134.857
141.765
143.465
138.828
141.208
146.316
143.299
143.599
141.17
150.667
151.921
148.113
151.467
152.267
163.021
163.067
162.167
172.121
175.721
170.667
166.913
177.621
169.667
163.713
165.413
169.113
180.721
168.213
173.767
180.321
181.621
176.267
172.513
176.867
175.267
177.467
175.313
182.367
184.25
173.825
174.741
185.167
184.196
176.491
174.111
181.865
178.957
179.457
176.457
182.865
184.665
178.357
176.957
183.765
184.165
176.357
177.057
187.965
189.765
179.857
178.557
186.165
184.765
177.857
179.857
180.057
174.403
163.94
172.849
186.665
184.665
176.457
176.857
182.465
180.765
181.265
174.857
182.565
183.565
179.228
178.999
177.908
181.699
175.145
178.233
186.667
186.767
187.067
181.313
188.821
182.767
177.513
178.513
181.867
185.567
180.013
185.267
194.621
191.067
190.267
188.967
188.267
188.067
184.213
186.313
191.767
193.221
182.013
188.767
196.821
200.621
196.767
192.413
201.721
195.767
197.567
193.413
197.467
195.767
193.413
199.667
198.767
201.221
192.667
186.613
195.721
190.067
191.367
188.213
195.467
199.421
188.85
187.27
193.782
195.337
188.099
189.082
196.565
187.857
187.357
189.557
200.365
200.465
193.157
193.657
202.365
204.265
194.557
189.557
196.265
197.865
189.657
188.357
180.349
161.577
164.477
187.149
204.465
202.965
191.011
193.228
206.353
203.999
195.77
200.558
212.021
210.567
209.267
203.767
208.021
201.667
196.513
201.913
215.821
215.467
215.313
221.267
219.767
223.967
225.167
225.467
235.221
229.367
220.913
222.013
231.167
238.467
234.513
236.667
233.267
237.321
226.513
231.267
237.621
232.067
228.213
235.067
234.667
230.967
231.213
242.167
240.667
237.721
226.667
228.567
230.321
223.367
224.767
225.713
236.767
230.367
223.913
220.913
225.067
233.421
227.213
231.367
229.267
228.967
222.767
217.213
223.667
215.667
213.213
214.013
223.567
229.121
221.867
229.267
231.467
230.021
214.967
211.313
217.196
213.808
203.965
207.82
214.099
225.704
209.633
199.308
189.482
204.928
225.899
221.062
219.699
218.499
206.408
205.616
218.779
227.65
226.513
228.167
232.621
230.521
222.713
226.413
238.921
238.021
230.013
236.467
244.221
237.567
230.513
241.367
251.621
240.867
227.313
232.567
235.567
237.867
230.513
233.467
237.821
237.321
232.967
230.513
245.321
240.267
232.813
238.167
238.967
236.067
229.713
238.767
244.021
240.021
228.767
228.867
230.121
219.667
227.521
221.613
228.067
235.821
231.513
236.167
235.921
235.521
225.567
223.867
227.021
220.667
219.267
211.813
214.567
205.967
202.913
211.467
205.613
222.121
225.921
213.013
210.65
206.433
201.779
206.379
216.533
217.333
206.782
203.811
192.749
193.349
216.02
217.028
216.499
217.199
224.091
231.637
224.253
216.016
209.833
226.667
232.221
233.267
225.013
228.067
241.721
245.567
236.813
236.267
240.921
235.367
232.467
233.667
235.567
249.167
255.267
253.467
252.467
254.021
238.813
248.667
261.421
259.567
250.513
251.967
260.721
259.067
251.513
253.967
256.867
261.667
253.013
254.067
255.421
247.767
248.567
244.713
254.821
243.867
237.913
247.967
251.967
250.767
241.413
240.967
240.821
240.921
233.667
240.567
244.967
244.967
243.767
234.313
237.767
243.521
236.713
244.267
241.467
239.021
231.467
240.867
241.721
231.967
232.267
231.913
239.067
229.267
230.467
232.221
234.446
227.409
207.892
217.626
238.868
238.497
230.446
232.821
242.438
237.255
240.138
241.021
244.721
242.167
236.413
248.821
248.967
249.567
242.313
245.567
252.821
248.367
242.713
248.167
255.521
255.867
254.413
259.567
254.267
248.367
239.913
243.567
245.021
233.913
239.613
244.713
258.021
258.721
248.013
253.767
258.521
250.867
246.513
253.767
254.421
251.221
238.613
242.967
245.221
247.321
237.413
236.113
244.067
239.467
235.013
241.767
245.921
246.321
235.767
237.067
240.021
234.767
237.267
237.213
246.321
233.667
231.413
246.467
253.421
242.167
239.767
236.713
247.021
238.367
235.767
235.367
232.429
236.755
230.846
234.929
249.309
246.805
246.522
243.222
246.622
235.122
240.56
247.072
242.438
239.467
230.613
239.021
240.921
245.867
245.113
250.367
257.521
247.413
251.013
266.721
264.821
258.567
251.813
265.021
266.367
267.267
258.413
262.167
267.221
249.513
246.413
247.113
260.021
256.521
239.313
248.367
258.721
252.567
250.513
263.367
269.721
258.867
249.213
252.767
254.921
246.367
240.213
248.167
250.367
246.167
241.713
251.067
257.821
251.067
241.413
246.367
251.021
241.467
236.313
238.467
236.721
232.967
237.013
245.967
245.021
242.721
225.013
220.213
226.367
226.821
215.413
222.067
223.667
222.596
229.725
243.525
247.925
227.037
211.382
208.208
222.029
212.821
214.567
224.121
221.767
211.413
211.513
216.967
225.667
218.613
226.267
231.467
246.521
247.167
243.767
257.421
257.721
248.567
241.113
254.621
251.267
244.413
245.813
252.067
260.121
257.967
259.267
265.021
264.721
259.067
246.513
245.667
249.767
250.913
250.613
252.867
260.921
259.467
252.713
254.167
251.667
250.867
244.913
247.367
251.921
248.713
253.313
261.567
263.421
253.667
256.167
254.467
252.621
235.767
230.913
236.313
253.821
256.121
247.113
246.513
259.421
253.767
251.467
249.667
249.521
241.067
240.813
256.467
260.567
247.567
241.413
254.667
258.421
252.421
231.513
240.429
245.255
246.172
257.089
268.06
269.522
248.222
239.122
244.722
245.505
232.446
228.221
237.721
241.467
238.613
240.967
239.767
245.021
241.467
241.767
248.367
261.721
257.567
249.213
256.267
258.267
246.813
251.067
255.067
265.821
254.013
253.167
255.821
256.221
252.967
245.313
248.967
250.667
249.767
244.913
253.267
258.921
254.167
254.367
249.767
248.021
238.767
232.813
238.521
228.167
229.867
227.313
232.167
230.067
224.167
229.867
229.867
229.721
220.467
217.913
223.167
221.721
213.567
215.613
225.667
225.221
217.667
219.967
229.167
230.421
218.167
214.013
221.267
219.167
208.541
208.325
218.35
222.021
224.721
231.292
246.272
238.155
219.821
219.113
221.567
232.521
223.613
223.167
229.121
227.567
231.567
231.013
242.121
233.867
228.013
234.613
238.667
231.067
221.113
230.567
244.221
238.367
236.967
233.167
240.421
234.567
231.567
225.313
230.667
233.421
220.213
227.467
236.421
240.321
239.367
235.567
235.921
229.767
231.567
233.467
232.667
232.321
217.113
214.113
225.721
229.521
224.567
220.213
229.521
218.367
214.867
210.413
217.967
219.921
212.613
215.213
222.167
220.721
211.367
210.213
217.967
219.067
206.841
199.725
207.65
211.15
203.825
203.879
210.716
207.228
197.457
188.449
189.749
201.611
212.274
210.774
202.465
207.52
207.62
198.52
202.245
204.516
198.808
198.091
206.962
209.55
200.758
196.841
201.133
199.65
194.113
196.667
196.267
195.967
206.867
210.667
220.621
219.067
214.913
212.913
218.821
222.667
221.113
218.667
215.767
226.121
219.613
221.267
218.667
225.721
222.867
219.313
228.667
225.967
217.713
230.867
236.767
238.921
216.613
216.167
221.021
222.021
214.867
211.713
219.067
221.021
211.513
213.313
225.567
235.721
228.867
231.067
234.967
243.021
236.667
237.413
247.467
238.867
237.067
234.813
244.367
245.321
232.913
233.713
241.967
246.921
243.467
237.713
238.167
238.421
232.813
234.113
244.721
245.521
237.767
243.567
238.567
234.821
244.638
260.972
258.56
245.451
221.029
208.516
218.033
225.175
226.901
232.363
244.538
242.267
231.313
231.667
241.821
244.221
233.613
233.367
244.621
246.467
238.313
241.867
252.821
250.867
249.967
246.267
243.213
257.621
261.013
277.567
291.238
300.88
322.814
351.122
402.322
417.922
423.422
440.822
448.722
460.322
448.622
457.422
467.722
470.322
471.122
456.922
466.522
458.222
453.522
451.222
455.322
461.122
448.722
456.722
463.322
464.522
454.822
446.422
458.922
449.422
441.222
438.822
447.122
448.722
445.522
448.522
447.522
446.722
433.622
431.322
446.622
445.522
428.722
429.622
441.722
443.622
430.022
436.022
430.922
430.922
428.722
430.122
434.622
431.522
420.822
416.922
425.622
425.122
418.622
429.122
428.422
421.822
407.522
404.222
410.922
415.422
409.322
390.822
396.422
408.822
407.722
403.722
167.513
