399.122
401.922
405.922
400.622
404.522
410.022
413.522
403.022
401.022
412.122
416.622
403.322
396.622
386.622
390.222
386.322
379.522
376.922
363.46
346.78
341.672
347.08
344.589
330.863
339.155
326.355
322.838
301.267
286.613
281.167
273.567
265.867
265.913
269.713
279.667
266.367
257.913
264.867
263.967
264.221
254.267
246.313
248.121
235.267
231.067
226.213
231.75
217.696
216.721
217.504
235.196
244.567
236.829
230.521
229.95
215.553
211.145
212.433
222.067
208.513
207.167
206.613
218.121
221.067
216.113
216.867
224.867
218.913
217.513
219.967
222.421
209.113
218.667
222.167
225.521
218.567
214.713
232.021
236.421
232.767
224.013
230.067
242.721
242.367
235.813
239.267
244.621
240.367
237.813
246.867
251.421
240.867
237.213
251.367
260.321
244.913
243.413
255.767
266.821
260.167
252.313
249.213
262.821
261.867
265.113
279.867
283.367
275.467
263.813
266.767
268.321
258.967
259.013
263.613
280.721
284.321
279.713
291.167
288.521
284.321
273.967
277.867
276.238
274.426
280.189
274.58
290.305
291.322
293.222
302.722
303.922
305.922
294.722
307.522
317.822
326.822
324.122
325.822
335.522
329.322
331.522
333.822
349.022
353.922
349.822
358.422
355.722
346.222
345.022
342.322
347.722
343.822
352.222
355.522
356.222
362.722
359.822
374.222
372.622
366.722
361.322
365.822
368.422
363.022
372.522
365.322
367.622
369.322
384.522
385.422
385.322
373.622
365.222
376.622
393.022
388.422
391.422
400.722
402.322
392.122
394.322
413.722
424.722
417.222
415.722
428.022
429.522
427.022
426.922
435.122
440.722
430.722
429.322
432.522
445.822
435.122
433.222
440.422
437.922
433.022
432.322
440.122
440.322
432.822
431.622
434.622
457.022
448.622
439.422
446.422
444.122
441.322
436.922
450.522
451.022
453.622
450.722
459.822
451.522
439.922
445.222
448.722
458.522
456.522
452.922
456.922
452.622
457.222
452.022
455.422
457.222
449.222
447.922
448.622
453.222
445.122
455.822
461.422
451.922
451.722
449.322
457.322
464.522
460.522
460.522
457.522
462.122
453.122
459.622
469.322
468.922
457.522
450.822
461.422
459.022
459.722
456.222
463.822
465.622
455.922
452.422
462.622
458.522
445.722
442.822
453.922
447.322
447.522
446.022
453.822
457.022
451.422
448.922
445.822
453.322
444.122
444.122
455.422
455.722
447.822
447.922
457.122
462.222
464.922
452.022
459.722
460.122
453.822
455.122
462.322
461.622
461.222
454.622
464.922
463.222
464.722
458.522
471.322
466.522
456.422
455.522
468.922
470.322
455.022
456.322
468.022
468.222
468.022
460.922
458.422
458.722
454.022
455.122
460.222
464.622
447.122
452.222
451.922
457.022
449.422
445.122
458.322
448.822
445.422
445.522
444.222
459.222
455.122
458.622
455.522
457.822
451.122
447.322
457.922
449.822
450.822
447.022
455.522
458.922
448.122
444.922
453.822
450.322
437.622
438.622
451.522
443.522
441.222
445.922
463.022
470.722
458.822
453.822
468.522
479.722
466.122
440.222
449.722
451.622
440.022
438.422
448.122
447.822
442.922
447.622
455.122
453.322
445.022
445.122
441.922
442.322
435.222
443.522
455.222
456.122
442.322
443.122
457.622
454.322
436.222
436.422
441.622
439.122
430.822
440.222
452.722
453.722
443.322
440.122
444.722
439.522
441.122
442.322
447.822
455.522
441.622
446.022
446.822
437.622
436.622
430.522
446.322
441.622
437.522
435.422
442.122
444.922
433.322
447.122
448.022
445.322
436.622
434.322
444.122
436.822
435.822
434.622
445.322
444.322
434.922
448.522
450.522
451.022
437.022
422.122
412.622
420.422
431.422
429.622
439.022
440.622
431.022
432.422
437.222
429.222
420.022
426.422
424.822
434.022
435.222
429.222
431.822
426.022
421.222
429.922
438.222
432.622
425.622
428.622
426.222
428.322
421.122
423.922
423.322
425.722
428.122
433.922
440.922
430.922
424.322
434.222
434.922
429.522
422.522
430.122
435.922
438.722
432.222
426.222
438.322
437.622
418.922
417.122
429.322
436.322
426.322
436.022
434.422
435.022
423.822
424.322
443.222
434.622
429.822
428.522
434.822
432.422
420.522
431.122
432.622
432.022
420.122
418.922
425.422
424.722
416.022
419.222
429.622
425.922
424.322
424.722
415.222
420.922
414.322
416.822
420.422
421.622
415.222
418.722
421.922
417.522
412.222
414.622
423.922
422.422
413.522
418.422
427.722
422.022
415.322
424.222
429.822
420.122
414.822
423.622
428.922
422.722
420.322
428.522
426.322
422.222
415.822
422.322
426.522
425.122
408.522
409.222
426.822
418.222
411.922
420.622
420.722
415.622
414.022
426.622
431.422
430.222
419.522
418.022
432.322
423.022
418.422
417.222
425.422
424.922
415.422
423.422
424.322
427.722
415.722
410.622
418.322
404.022
392.622
392.022
393.022
389.622
387.822
407.022
414.922
412.422
405.822
411.922
417.122
415.122
404.022
403.622
414.922
414.522
406.922
413.722
413.822
409.322
399.322
402.922
404.722
410.622
400.822
403.622
411.622
406.822
405.122
418.322
427.222
416.022
399.622
405.322
418.722
421.722
407.622
415.222
419.922
414.522
417.122
416.522
417.122
407.122
402.822
413.722
413.422
406.822
401.422
409.322
413.422
414.122
415.422
405.422
416.022
398.622
392.622
411.122
416.722
406.122
397.822
403.522
407.822
410.622
400.522
398.722
401.222
408.822
424.122
402.222
381.622
387.922
374.522
379.022
371.022
364.122
356.422
363.822
368.922
360.922
362.822
361.822
358.022
351.322
338.822
354.122
358.322
356.122
348.422
355.622
360.622
350.122
346.922
352.022
358.022
349.522
346.122
346.022
355.022
345.497
331.446
332.321
334.921
331.338
337.563
355.38
361.089
346.38
340.517
341.338
340.221
331.667
322.113
318.713
332.921
325.038
318.755
325.638
332.938
322.726
311.734
308.755
320.672
320.96
320.922
319.822
321.322
294.751
283.18
290.351
287.922
279.322
282.522
280.122
287.222
276.922
277.322
270.322
268.122
268.322
271.022
279.622
277.622
277.422
267.822
270.122
270.468
263.289
265.246
268.484
278.055
274.646
268.821
277.421
276.667
276.767
265.813
276.021
274.567
277.267
282.667
291.267
301.921
300.967
306.667
312.329
320.855
319.746
306.021
303.867
292.067
278.613
272.713
273.067
276.421
276.021
264.513
273.967
281.221
269.367
258.013
266.167
257.767
251.967
244.313
250.467
257.521
253.167
248.713
256.067
260.421
259.221
237.813
238.567
239.321
226.967
218.513
224.667
227.521
219.567
218.367
222.95
223.279
215.408
210.028
204.911
209.665
210.365
206.182
216.216
217.833
215.45
218.713
219.067
223.767
217.413
216.767
209.367
210.921
212.067
211.813
219.721
212.667
213.267
211.913
216.467
215.867
211.013
216.667
214.867
216.721
211.267
208.667
207.121
203.021
197.667
194.313
200.067
205.421
197.013
198.513
204.467
205.521
196.967
191.213
196.067
196.267
199.367
199.467
197.467
196.321
187.467
184.213
191.467
195.167
187.733
184.382
192.165
194.165
186.557
185.457
192.965
194.765
188.357
186.557
192.065
192.265
185.057
184.057
182.957
197.874
206.682
197.02
192.365
189.665
178.757
179.957
182.857
193.165
184.957
182.111
179.782
185.216
180.833
187.058
188.967
195.821
191.467
185.767
193.421
193.267
186.513
184.913
186.767
193.721
185.013
186.567
186.967
194.421
190.467
191.467
196.621
192.967
189.013
188.013
192.067
187.967
187.867
190.667
189.167
192.321
187.467
186.013
196.021
193.521
184.067
182.313
189.95
189.108
174.911
173.757
174.657
185.665
185.965
176.457
182.665
183.565
176.657
175.757
183.465
185.165
179.057
178.257
183.565
180.111
181.311
187.82
193.528
189.874
174.657
172.657
179.365
178.765
169.157
166.857
173.865
176.282
169.945
168.091
167.899
174.25
174.067
171.467
181.321
180.267
178.867
169.813
178.821
176.567
171.513
171.913
179.567
186.921
175.113
177.167
179.667
184.367
183.667
177.613
182.967
178.267
173.513
174.113
179.067
181.621
175.113
182.867
182.067
179.296
169.091
168.111
176.165
178.365
168.757
167.357
174.665
179.165
172.657
177.265
176.465
176.865
171.657
173.257
180.365
174.357
174.457
173.657
180.265
193.182
206.999
190.828
180.865
180.065
167.557
163.257
170.965
171.265
170.465
162.457
159.957
162.065
155.628
155.799
163.879
161.933
154.425
156.841
159.058
167.221
161.213
165.467
169.021
163.467
159.413
160.613
173.421
172.167
166.513
168.967
168.367
169.867
167.013
172.567
179.121
180.721
171.367
398.122
