5526.88
5682.28
5790.58
5808.98
5643.68
5534.78
5619.08
5811.48
5811.78
5824.08
5971.98
6154.28
6259.98
6307.98
6215.08
6223.18
6346.38
6443.78
6525.58
6512.28
6273.28
6132.98
6204.88
6346.68
6401.28
6261.18
6024.98
5963.98
6103.28
6184.38
6192.58
6082.28
5898.78
5758.58
5845.78
6039.28
6086.98
6085.48
6243.98
6474.58
6589.58
6640.58
6476.78
6152.78
5864.08
5756.68
5772.18
5867.88
5812.38
5798.78
6047.18
6217.58
6262.48
6134.68
5877.88
5768.68
5758.08
5762.28
5767.68
5803.38
5830.98
5753.78
5591.68
5579.98
5760.88
5862.68
5822.48
5907.68
6230.48
6375.28
6404.18
6328.98
6128.98
6029.28
6181.28
6310.78
6310.98
6132.78
5911.38
5869.48
5985.38
6122.88
6085.98
5985.48
5808.98
5735.38
5896.38
6031.48
5965.18
5786.48
5594.88
5528.18
5613.98
5659.68
5573.68
5432.78
5299.68
5278.58
5384.28
5431.78
5372.18
5444.58
5665.68
5900.18
5933.28
5828.98
5695.08
5693.08
5827.88
5927.98
5931.28
5793.08
5672.18
5668.18
5787.18
5959.28
5924.78
5804.48
5660.88
5627.98
5694.58
5792.98
5780.98
5706.18
5598.48
5591.58
5697.48
5739.88
5705.88
5592.08
5525.08
5551.68
5619.38
5644.28
5576.68
5519.48
5468.58
5464.48
5476.38
5486.18
5472.38
5395.68
5376.98
5473.68
5584.58
5637.18
5585.28
5661.48
5953.68
6072.08
6061.18
5984.68
5854.18
5684.88
5636.68
5639.78
5634.48
5561.88
5498.18
5613.18
5757.28
5822.48
5783.38
5742.98
5687.28
5692.48
5793.68
5819.48
5776.58
5687.98
5629.38
5654.38
5694.88
5668.88
5616.28
5585.98
5573.18
5594.98
5642.88
5651.08
5618.78
5638.08
5719.18
5826.68
5801.58
5726.68
5658.88
5683.48
5772.18
5770.98
5711.18
5701.88
5683.48
5684.08
5722.38
5746.78
5689.18
5621.78
5616.28
5655.28
5677.88
5656.58
5602.28
5597.98
5595.28
5618.38
5655.98
5684.58
5665.98
5678.58
5738.68
5781.48
5759.88
5681.48
5666.38
5685.48
5684.18
5695.08
5728.48
5735.58
5705.38
5663.18
5660.68
5736.08
5760.58
5700.58
5693.28
5741.98
5801.58
5750.78
5679.98
5680.38
5686.18
5673.28
5690.38
5747.18
5796.98
5768.78
5720.48
5786.18
5813.48
5786.08
5718.78
5714.98
5722.98
5739.08
5760.98
5755.98
5718.08
5714.68
5767.48
5762.28
5719.78
5668.68
5653.88
5670.18
5670.98
5689.08
5718.58
5722.88
5688.78
5681.18
5700.38
5694.28
5667.38
5696.28
5747.18
5758.18
5742.48
5759.58
5791.88
5778.28
5738.28
5711.48
5728.28
5788.68
5798.78
5757.18
5751.18
5803.68
5834.48
5785.98
5761.68
5764.88
5759.88
5764.28
5833.98
5921.18
5970.38
5915.48
5903.98
5948.88
5956.38
5873.98
5849.88
5853.58
5850.68
5882.78
5943.38
5939.88
5917.18
5914.28
5935.98
5907.78
5869.48
5831.68
5862.48
5924.08
6007.38
6100.08
6166.28
6126.18
6088.18
6091.48
6104.98
6085.68
6021.08
5982.18
5985.38
6029.08
6066.48
6063.88
6043.88
6051.38
6078.18
6057.98
6048.68
6092.88
6136.88
6081.48
6035.08
6068.28
6126.08
6208.98
6236.88
6220.08
6154.18
6150.88
6154.38
6115.48
6053.28
6010.88
6053.98
6125.68
6170.38
6118.28
6071.98
6112.28
6262.98
6364.48
6399.78
6350.28
6282.68
6259.28
6245.28
6185.98
6107.28
6076.28
6153.38
6227.48
6247.98
6215.28
6201.48
6215.08
6164.98
6093.78
6068.68
6069.18
6084.38
6154.88
6445.08
6638.48
6691.48
6602.28
6576.98
6626.58
6587.18
6436.98
6344.78
6337.18
6320.88
6301.98
6270.38
6217.78
6152.18
6149.18
6248.48
6381.68
6391.78
6321.48
6288.48
6394.78
6611.18
6611.18
6921.28
6917.18
6894.28
6839.78
6751.08
6612.88
6457.18
6382.68
6475.88
6611.98
6580.48
6510.58
6628.78
6862.78
6968.38
6862.98
6844.18
6881.68
6807.68
6631.08
6495.48
6503.38
6673.68
6836.38
6823.68
6733.58
6627.08
6592.38
6717.98
6891.88
6898.08
6740.58
6634.48
6708.78
6927.48
7081.78
7077.08
6982.58
6918.58
7019.68
7277.08
7475.88
7476.38
7256.98
7190.98
7223.18
7101.58
6973.78
6772.28
6721.28
6882.78
7127.98
7418.98
7609.48
7635.18
7545.88
7544.38
7603.38
7504.58
7369.78
7185.08
7157.28
7350.28
7544.98
7505.08
7334.18
7295.88
7314.78
7161.58
6959.48
6842.38
6808.78
6903.18
7126.58
7145.58
7030.78
6948.18
7053.68
7322.78
7554.68
7440.38
7323.08
7305.08
7392.58
7641.48
7796.88
7782.18
7591.38
7570.98
7626.88
7503.08
7265.28
7131.18
7136.78
7325.58
7536.28
7788.68
8011.98
8096.18
8081.48
8115.28
8180.48
7984.28
7837.98
7749.08
7871.88
8095.68
8204.98
8107.08
7964.98
7979.88
7994.38
7795.08
7525.58
7402.18
7464.88
7676.08
7923.48
8156.98
8321.38
8444.18
8446.48
8504.78
8548.18
8422.08
8274.98
8301.38
8392.18
8502.78
8579.08
8558.88
8433.98
8422.28
8402.78
8167.78
7908.48
7821.88
7884.98
8065.48
8260.28
8413.98
8545.08
8662.38
8695.58
8715.78
8830.18
8949.28
8999.18
9019.38
9065.18
9098.48
9111.88
9084.88
9014.68
8868.28
8609.48
8565.38
8621.68
8723.68
8774.38
8735.38
8639.28
8646.68
8728.98
8779.18
8855.58
8895.38
8879.18
8867.98
8907.98
8951.18
9010.28
9051.78
9072.78
9113.08
9111.58
9038.18
8908.28
8866.18
8879.98
8906.78
8968.78
9030.48
9020.18
9029.48
9018.48
8849.58
8703.58
8698.88
8765.88
8825.08
8879.98
8884.48
8946.28
9045.98
9079.28
9056.18
9078.28
9122.68
9084.58
9053.58
9057.68
9061.88
9089.18
9112.98
9107.28
9117.88
9142.08
9087.78
9048.28
9048.68
9064.88
9067.18
9111.18
9166.58
9133.38
9103.08
9112.08
9128.18
9149.48
9171.68
9137.18
9136.38
9142.48
9123.68
9133.48
9175.68
9215.08
9219.48
9168.48
9146.78
9133.88
9099.18
9129.58
9210.98
9203.88
9143.98
9097.78
9125.28
9141.78
9161.88
9139.38
9145.58
9170.38
9170.88
9146.38
9135.48
9120.58
9081.78
9088.28
9112.68
9114.18
9079.68
9055.98
9024.58
9042.98
9070.68
9070.88
9062.58
9056.18
9007.18
9017.38
9075.68
9098.08
9074.28
9099.18
9154.28
9133.98
9098.28
9069.98
9043.98
9047.58
9072.58
9071.38
9023.38
9009.88
9008.88
9039.88
9096.08
9109.98
9082.88
9026.28
8983.88
8991.78
9016.18
9025.08
9015.78
9039.88
9071.58
9077.38
9071.68
9060.58
9019.58
9024.78
9075.98
9086.98
9052.58
9004.08
8964.38
8969.18
8996.68
9012.78
9002.18
8968.88
8869.18
8808.28
8809.48
8854.88
8916.78
8958.28
9002.78
9012.98
8981.78
8976.78
9039.58
9027.18
8999.48
8972.48
8896.28
8815.88
8784.68
8829.28
8916.18
8933.48
8899.08
8856.18
8775.28
8732.38
8763.08
8806.18
8839.68
8808.98
8678.28
8624.38
8692.08
8774.78
8768.68
8718.88
8569.78
8469.98
8505.58
8546.48
8557.38
8614.28
8735.58
8809.88
8831.28
8844.68
8820.98
8837.48
8920.88
8937.68
8939.18
8823.28
8523.38
8335.98
8294.38
8381.28
8505.28
8493.48
8369.68
8336.18
8410.48
8493.78
8513.18
8418.38
8247.08
8053.08
8075.38
8196.18
8263.98
8191.58
8057.58
7967.58
8057.78
8179.38
8200.48
8086.68
7795.18
7636.78
7698.58
7837.38
7836.08
7863.28
7995.68
8089.38
7982.88
7952.38
8068.18
8202.88
8256.68
8160.38
7920.98
7810.28
7890.18
8010.18
7999.48
8071.58
8197.18
8306.88
8356.78
8340.28
8127.78
7785.58
7400.28
7258.08
7380.28
7513.18
7445.48
7464.18
7629.38
7809.68
7862.88
7782.58
7520.08
7358.58
7461.58
7582.68
7603.28
7628.38
7791.78
8031.58
8130.18
8096.68
7955.48
7672.58
7318.08
7132.68
7156.88
7220.98
7104.08
7059.38
7236.38
7469.08
7535.48
7410.88
7177.38
7099.78
7282.68
7422.08
7404.38
7261.78
7029.48
6919.28
7069.58
7200.88
7112.18
6889.58
6652.28
6577.18
6733.08
6801.88
6718.18
6779.78
7000.48
7278.68
7269.88
7145.18
6906.78
6807.48
6981.48
7098.18
7012.78
6797.08
6628.18
6427.18
6311.98
6323.68
6512.38
6776.58
6810.58
6705.68
6538.88
6500.48
6590.58
6667.88
6560.28
6647.08
6961.58
7175.68
7215.98
7162.48
6935.78
6614.08
6405.48
6337.08
6352.38
6317.48
6207.38
6309.88
6524.48
6697.18
6663.88
6541.48
6327.88
6281.88
6432.28
6497.58
6407.28
6393.88
6669.58
6846.28
6806.38
6682.78
6471.18
6313.88
6124.78
6082.88
6118.98
6133.78
6067.48
5954.78
5873.68
5884.68
5893.68
5841.88
5791.88
5894.98
6127.38
6246.38
6223.78
6117.38
6042.88
5912.28
5834.88
5850.28
5862.18
5783.88
5720.38
5801.18
5960.88
5994.48
5960.28
5919.38
5853.08
5836.68
5896.28
5929.58
5877.98
5768.38
5725.68
5777.78
5842.08
5795.48
5751.28
5738.48
5728.68
5732.28
5749.38
5764.98
5731.88
5677.78
5668.78
5718.08
5742.88
5697.08
5675.18
5759.68
5881.88
5908.38
5869.58
5820.28
5764.28
5761.18
5794.08
5808.28
5754.78
5692.58
5688.48
5748.98
5773.58
5713.28
5698.18
5711.88
5720.18
5734.38
5765.48
5773.78
5738.48
5769.48
5852.58
5859.88
5812.08
5731.28
5728.38
5781.88
5802.68
5735.58
5657.88
5645.58
5642.18
5667.98
5700.38
5711.28
5682.18
5696.88
5734.28
5749.48
5718.48
5696.28
5724.98
5759.98
5760.08
5733.08
5657.68
0
