0
0
0
0
0
0
0
0
0
0
0
0
0
0
0
0
0
0
0
0
0
0
0
0
0
0
0
0
0
0
0
0
0.0542236
0.271118
0.650684
1.11335
2.68447
7.20981
10.4098
14.0556
20.1014
29.5556
35.3556
35.3556
32.1014
33.0556
35.2098
35.8556
40.6556
43.2098
41.2556
41.1556
38.9014
39.5556
39.8098
38.5556
38.3556
41.1809
45.2605
47.4232
50.1943
51.0654
49.8654
50.057
51.557
53.9654
51.0654
45.157
44.557
43.5654
46.1654
50.257
53.957
57.5654
58.6112
66.0196
75.7281
73.7196
63.6485
51.0774
53.0316
70.157
81.5654
86.8654
92.357
104.565
112.765
112.757
115.157
115.757
121.865
120.757
121.857
123.065
119.865
118.765
121.757
132.165
133.465
130.057
129.657
130.257
132.565
129.257
134.457
133.857
132.257
137.765
139.357
147.965
147.665
141.357
139.257
133.157
111.565
91.0943
88.8232
91.5232
111.965
133.616
158.258
178.021
188.321
190.567
192.913
210.967
220.967
224.167
223.767
206.358
168.653
121.806
96.4556
99.8098
102.61
103.056
104.101
112.164
111.606
109.223
104.669
114.94
128.111
133.657
144.357
164.465
177.057
183.457
188.257
199.965
211.065
211.965
215.037
228.516
238.77
237.008
240.462
256.533
270.458
271.467
270.613
278.567
279.621
266.113
267.613
278.967
279.867
277.567
280.813
291.667
290.067
287.867
292.413
305.267
306.421
305.021
296.767
310.467
310.721
293.567
287.521
299.309
303.505
294.722
283.722
271.422
261.422
260.222
291.814
313.172
298.338
271.013
266.967
265.167
279.621
279.813
289.567
306.221
311.621
316.767
310.813
327.621
330.967
321.913
322.567
322.067
323.967
336.467
339.267
351.121
351.021
353.021
342.113
349.267
359.867
353.013
360.067
363.267
376.021
366.913
381.067
393.021
398.121
401.967
408.867
423.621
417.867
416.767
409.613
419.167
416.267
412.413
419.113
431.567
440.721
433.767
435.267
434.267
439.121
425.367
417.613
434.067
431.967
422.213
429.267
435.567
433.967
430.921
427.446
446.197
464.822
459.022
455.322
473.122
485.022
482.722
488.922
504.622
507.822
495.622
497.422
509.022
512.722
498.522
493.722
505.122
507.122
503.922
506.622
522.222
527.722
531.622
519.822
532.822
540.422
532.022
529.722
532.222
549.022
538.022
535.922
540.422
563.822
567.522
552.022
562.622
564.622
557.422
561.522
564.222
577.322
562.922
560.522
572.122
578.022
576.122
567.522
595.522
603.622
598.322
608.622
614.622
633.922
631.522
638.822
637.722
649.522
643.622
638.822
652.122
645.622
646.722
640.122
662.522
666.122
662.022
658.322
659.322
666.022
649.722
652.722
652.422
667.522
667.122
639.822
640.022
651.222
651.622
645.422
634.622
628.022
607.522
596.822
596.022
604.922
585.322
569.822
594.922
591.422
581.822
554.522
557.922
585.722
573.722
572.322
578.222
597.122
588.022
568.322
553.022
525.622
488.422
472.922
496.422
533.522
567.522
604.422
642.622
652.722
643.022
646.922
658.522
669.222
659.222
649.622
657.122
666.422
665.422
663.622
673.722
681.522
668.722
660.822
658.722
664.922
650.822
655.022
674.622
679.222
669.322
660.722
670.822
667.822
659.522
635.522
637.822
659.322
665.522
642.922
648.422
646.622
634.022
638.322
647.922
669.622
654.322
657.622
674.322
682.422
653.422
637.922
648.522
652.322
653.622
638.522
650.222
648.722
632.322
608.222
606.122
602.822
607.122
622.322
632.622
650.222
641.922
640.222
643.522
651.122
634.822
635.322
639.622
655.822
639.922
639.422
648.822
643.822
640.522
630.222
645.222
635.722
624.422
628.222
640.722
656.522
655.622
651.522
654.122
653.822
654.322
647.922
661.522
659.322
664.122
652.122
650.322
660.022
656.722
657.722
652.822
647.922
654.822
651.522
662.622
672.922
666.022
657.922
669.022
681.922
677.422
673.022
678.022
682.722
675.822
670.322
690.022
689.722
687.622
663.722
662.422
683.722
683.722
663.422
673.122
681.622
672.822
666.322
677.522
682.022
671.522
668.722
678.622
681.022
672.722
676.722
692.822
697.722
688.022
688.322
683.122
678.622
669.322
673.622
692.322
694.022
690.422
678.822
698.322
705.922
699.022
704.322
706.622
720.422
705.322
700.622
698.922
713.222
720.822
725.322
741.722
760.922
750.922
724.522
726.322
742.522
728.422
728.222
738.222
737.722
742.622
738.622
753.722
757.622
759.222
748.522
753.722
763.122
750.222
749.422
750.622
764.822
760.322
747.222
769.122
768.222
767.222
757.722
771.022
785.622
769.222
768.022
773.822
782.922
773.722
762.022
760.722
766.522
751.922
747.622
748.722
766.222
765.822
763.722
781.022
794.622
784.922
775.722
794.822
795.422
788.822
781.522
793.522
799.922
802.022
799.022
803.022
821.122
813.422
822.022
823.622
823.122
809.522
799.322
810.222
824.022
819.522
810.622
819.422
826.922
816.322
817.022
816.422
819.622
810.822
810.922
830.722
837.222
849.522
840.822
863.422
884.122
893.122
893.022
915.622
936.222
929.522
924.422
932.122
949.722
944.622
946.022
953.222
978.222
981.922
973.122
972.322
991.322
977.222
974.422
965.522
975.322
973.022
968.722
968.722
995.122
1001.82
989.122
992.922
997.322
995.922
1001.62
995.922
1003.72
1027.62
1022.72
1020.32
1026.22
1015.12
986.922
989.722
1005.12
989.822
990.322
997.822
1001.32
1011.42
1001.82
1002.72
1017.62
1016.52
996.222
992.822
1011.52
1013.12
995.622
994.822
1007.42
1006.42
997.822
1007.02
1021.32
1009.62
990.422
996.922
1007.02
1004.62
1000.82
986.422
997.522
1001.62
1006.62
1007.32
1016.42
1008.42
999.122
1001.92
1017.32
1019.52
1002.02
1008.42
1021.02
1017.42
1013.52
1014.32
1030.12
1020.22
1006.32
1005.72
1021.02
1028.92
1020.82
1028.52
1035.72
1033.42
1022.82
1029.32
1044.42
1036.12
1034.02
1029.22
1057.72
1063.62
1050.22
1055.72
1053.52
1047.12
1033.12
1040.62
1049.42
1035.72
1033.72
1029.22
1047.72
1046.82
1031.52
1023.12
1037.32
1050.62
1039.82
1035.12
1053.12
1040.42
1042.52
1039.02
1046.82
1032.82
1031.22
1037.62
1051.22
1048.72
1030.42
1040.02
1045.02
1057.12
1049.92
1043.92
1048.02
1027.52
1022.22
1027.72
1045.42
1046.72
1031.92
1035.52
1029.62
1034.42
1044.52
1039.32
1051.92
1048.42
1049.22
1040.92
1049.12
1059.72
1056.32
1051.42
1058.02
1054.92
1042.22
1044.52
1057.62
1058.02
1043.72
1038.92
1038.92
1055.52
1057.92
1071.32
1100.52
1085.42
1067.12
1078.52
1081.82
1075.72
1061.42
1064.82
1082.92
1091.92
1084.12
1088.42
1107.32
1110.22
1101.02
1106.82
1111.72
1118.42
1100.52
1106.42
1119.42
1113.62
1117.32
1120.02
1120.42
1129.02
1118.42
1119.42
1128.82
1136.02
1124.62
1130.92
1138.72
1138.02
1136.42
1133.22
1151.92
1152.82
1139.72
1138.92
1157.92
1153.72
1143.32
1151.22
1148.82
1165.42
1156.22
1150.72
1171.32
1162.72
1152.72
1149.72
1148.02
1152.92
1150.42
1159.62
1159.82
1169.52
1164.82
1161.12
1163.02
1162.02
1163.12
1168.82
1162.92
1164.02
1148.62
1167.42
1174.22
1183.12
1168.92
1157.72
1177.22
1176.52
1167.32
1164.02
1173.42
1166.52
1157.12
1159.12
1171.32
1178.22
1172.42
1178.42
1173.32
1177.72
1169.12
1160.42
1171.82
1181.72
1166.82
1172.32
1190.32
1199.32
1187.62
1191.72
1194.92
1202.42
1186.72
1178.62
1190.52
1196.12
1184.22
1180.22
1196.12
1196.32
1189.02
1195.82
1197.02
1202.02
1188.12
1184.62
1199.12
1199.02
1189.32
1180.82
1193.82
1205.32
1196.22
1194.42
1199.62
1204.72
1196.52
1193.72
1193.72
1208.22
1204.42
1186.62
1198.62
1204.22
1194.12
1192.02
1202.52
1208.52
1198.62
1196.92
1192.62
1187.62
1178.02
1172.22
1175.42
1172.32
1188.12
1200.42
1201.42
1210.32
1206.12
1186.52
1186.62
1202.92
1191.82
1193.92
1213.82
1217.32
1212.92
1197.82
1205.22
1209.52
1219.42
1222.92
1214.02
1212.42
1220.32
1214.82
1214.62
1226.32
1220.02
1202.82
1205.32
1213.72
1216.22
1203.92
1202.52
1213.72
1207.62
1212.32
1208.32
1212.42
1205.82
1199.12
1215.72
1218.32
1220.22
1203.62
1206.62
1217.92
1220.32
1204.92
1214.52
1228.32
1222.92
1211.12
1219.42
1214.42
1210.72
1217.72
1234.12
1236.82
1221.32
1221.92
1223.12
1223.12
1225.82
1218.12
1229.92
1227.32
1229.72
1217.02
1219.52
1222.52
1222.72
1212.32
1225.82
1236.72
1230.72
1228.72
1229.22
1239.52
1223.92
1212.22
1217.22
1228.22
1257.92
1254.42
1234.42
1239.52
1226.42
1220.62
1224.92
1247.62
1235.22
1228.12
1238.72
1234.42
1235.32
1216.52
1225.62
1234.82
1236.82
1226.42
1221.12
1230.42
