360.122
373.822
391.822
392.522
381.122
382.222
400.822
407.822
406.922
410.022
422.322
419.722
429.422
415.222
423.522
424.922
424.522
427.722
435.022
439.322
434.922
439.222
451.122
449.922
437.222
434.822
445.722
458.322
470.922
462.222
434.122
417.022
417.022
436.422
459.122
463.122
463.922
454.022
464.522
465.322
467.222
457.622
467.622
467.922
459.722
460.822
474.822
472.222
465.122
460.222
466.422
464.622
469.022
461.622
465.322
466.922
457.422
457.722
467.022
468.522
466.322
461.922
480.022
468.922
466.422
461.122
471.622
482.922
476.422
479.222
486.722
494.122
492.822
504.222
504.922
511.022
508.722
516.222
527.622
530.322
518.222
516.322
532.822
551.022
555.422
553.922
559.022
563.622
561.222
562.322
580.522
595.822
605.122
612.322
632.422
637.622
642.322
653.322
672.722
687.622
687.822
686.122
697.922
707.422
713.722
725.822
746.922
741.022
721.422
723.722
741.222
742.122
731.922
735.722
746.122
743.722
737.922
733.122
744.922
737.922
734.722
731.522
754.422
755.122
755.522
747.322
750.722
751.822
752.822
753.522
760.722
754.222
754.222
747.022
750.022
751.722
751.922
752.422
753.822
760.822
764.222
752.822
765.022
756.522
758.422
754.622
764.822
772.522
760.722
763.522
774.022
777.822
768.322
771.322
769.722
773.122
765.922
765.122
775.722
780.022
768.222
768.622
778.022
783.822
779.122
780.222
791.122
795.322
786.022
786.722
802.822
811.022
806.522
804.722
818.122
829.722
827.222
822.422
819.622
841.322
850.722
849.822
847.922
851.722
851.522
848.522
870.722
877.322
874.222
888.122
899.422
912.622
905.922
913.722
924.122
926.222
926.122
927.522
938.022
936.122
929.922
937.022
932.122
933.822
929.522
936.822
941.922
933.822
940.922
940.522
951.922
945.422
945.722
940.722
947.922
956.722
951.322
954.322
965.022
961.122
957.022
939.922
956.322
955.922
944.022
943.022
961.422
966.022
943.222
946.122
964.222
972.822
959.522
946.822
952.222
946.522
954.222
956.122
962.222
969.122
967.022
973.622
977.322
978.922
968.122
962.422
970.122
977.422
966.522
961.222
981.722
994.422
983.922
976.422
985.422
996.622
998.122
998.822
1004.42
999.922
985.322
984.022
1000.42
1010.82
1011.42
992.222
995.522
1005.52
1021.52
1019.82
1021.82
1035.92
1051.52
1024.42
1005.62
999.522
991.722
1002.02
1015.72
1016.62
1014.22
1018.92
1025.32
1022.02
1013.72
1012.42
1010.42
1027.12
1027.62
1016.92
1017.52
1030.82
1037.22
1030.62
1028.92
1030.42
1018.92
1024.62
1041.22
1045.82
1033.22
1034.42
1047.02
1049.22
1049.12
1038.12
1041.12
1049.22
1052.12
1050.22
1056.72
1056.82
1051.72
1051.52
1062.12
1060.62
1061.02
1053.02
1062.82
1065.12
1058.92
1060.62
1067.12
1067.52
1069.52
1071.92
1076.72
1074.32
1064.32
1060.22
1070.12
1066.12
1063.02
1066.52
1075.22
1078.42
1069.52
1073.82
1080.82
1083.02
1074.02
1072.72
1077.72
1071.12
1069.02
1063.92
1072.82
1078.72
1072.92
1070.32
1081.12
1081.02
1074.62
1073.22
1080.92
1075.82
1077.62
1074.92
1084.42
1087.82
1075.12
1074.72
1086.62
1088.12
1074.42
1072.62
1074.02
1080.32
1068.82
1071.62
1082.22
1082.02
1081.92
1073.02
1082.82
1085.32
1078.32
1077.32
1075.72
1083.72
1086.02
1081.32
1087.72
1087.42
1088.02
1083.42
1091.32
1087.02
1078.72
1079.62
1081.82
1086.62
1078.32
1080.42
1086.72
1079.02
1086.62
1083.42
1098.82
1091.82
1077.02
1072.52
1079.22
1091.02
1086.12
1096.72
1094.42
1094.62
1085.22
1086.62
1091.52
1091.42
1078.32
1077.62
1077.12
1091.62
1080.62
1089.92
1090.02
1093.62
1085.92
1085.32
1100.62
1100.62
1092.92
1086.52
1094.12
1100.42
1086.92
1093.72
1093.02
1097.92
1089.12
1084.92
1094.52
1097.92
1088.72
1084.22
1091.52
1095.02
1088.62
1090.32
1102.22
1102.62
1091.32
1089.72
1099.42
1101.12
1100.42
1094.92
1113.12
1116.92
1107.82
1105.22
1104.72
1094.52
1079.02
1097.92
1129.02
1151.32
1150.82
1127.52
1122.42
1115.82
1133.22
1132.02
1136.72
1130.52
1131.52
1134.42
1139.52
1149.92
1149.22
1160.42
1167.42
1164.82
1155.82
1163.72
1173.62
1175.62
1177.02
1167.02
1173.42
1179.02
1168.42
1168.62
1172.02
1183.62
1174.92
1169.42
1174.82
1170.42
1172.32
1168.72
1189.02
1188.32
1183.82
1183.92
1188.42
1190.32
1177.62
1182.52
1190.12
1193.02
1194.32
1190.92
1196.02
1189.02
1188.22
1187.02
1201.42
1215.82
1213.82
1209.82
1204.12
1200.42
1190.82
1183.22
1196.32
1192.92
1197.22
1194.72
1193.82
1207.62
1204.22
1202.22
1208.22
1208.32
1197.82
1200.12
1217.52
1213.72
1209.32
1201.72
1211.52
1216.12
1209.12
1202.92
1200.72
1198.62
1197.92
1198.72
1191.62
1188.52
1202.02
1210.02
1220.02
1219.22
1218.12
1210.92
1220.22
1220.72
1213.92
1215.62
1215.02
1223.92
1217.22
1215.72
1220.52
1216.42
1218.62
1212.52
1225.22
1225.42
1213.72
1208.42
1211.42
1214.72
1204.82
1211.92
1211.22
1216.72
1218.72
1206.32
1220.62
1222.02
1216.72
1212.62
1213.32
1222.02
1214.32
1217.72
1218.22
1228.42
1220.12
1208.22
1209.92
1205.92
1205.22
1210.32
1221.12
1230.42
1219.72
1220.82
1214.52
1217.42
1212.02
1206.02
1220.92
1222.72
1211.72
1209.72
1211.52
1215.02
1211.62
1209.72
1215.62
1217.42
1209.22
1207.02
1215.62
1219.52
1213.82
1214.82
1225.82
1225.62
1214.72
1213.92
1223.42
1223.82
1217.92
1219.32
1209.82
1199.02
1199.22
1197.32
1205.62
1220.92
1236.22
1244.42
1243.32
1231.12
1222.52
1228.92
1229.02
1231.72
1223.62
1223.22
1226.52
1221.72
1218.52
1217.82
1231.42
1229.62
1224.72
1223.92
1227.72
1239.42
1225.72
1220.12
1226.92
1228.72
1224.82
1220.92
1228.32
1229.12
1223.22
1225.72
1226.42
1240.02
1227.02
1228.42
1227.42
1235.32
1233.22
1226.12
1233.12
1232.42
1224.02
1226.42
1232.72
1233.12
1227.32
1230.22
1225.42
1228.92
1224.82
1227.62
1233.92
1235.92
1238.52
1227.52
1236.72
1236.82
1232.62
1224.92
1221.42
1227.92
1228.02
1240.12
1244.62
1239.02
1225.72
1222.62
1233.22
1232.62
1238.22
1235.62
1237.02
1235.92
1237.42
1234.92
1244.92
1248.72
1238.52
1239.52
1250.42
1249.32
1241.72
1240.62
1243.62
1238.92
1226.22
1232.62
1233.42
1235.32
1234.82
1237.52
1248.52
1247.92
1237.22
1219.82
1228.32
1239.82
1243.12
1239.62
1236.62
1246.42
1246.42
1245.52
1254.32
1248.22
1259.22
1252.32
1255.42
1250.22
1239.72
1236.82
1246.52
1247.42
1242.42
1245.92
1245.52
1248.62
1231.02
1233.12
1245.92
1251.12
1253.62
1239.72
1247.82
1250.22
1254.62
1251.72
1249.82
1257.02
1254.52
1254.52
1262.02
1264.22
1259.22
1247.52
1252.92
1242.72
1242.32
1246.82
1248.22
1248.22
1248.82
1249.42
1253.02
1251.92
1247.32
1243.82
1247.82
1239.22
1233.92
1237.92
1251.32
1258.32
1249.52
1247.02
1257.62
1259.52
1248.02
1242.62
1247.72
1251.62
1242.22
1240.72
1248.32
1251.22
1240.42
1238.72
1253.52
1261.32
1250.12
1244.12
1246.02
1256.42
1251.12
1233.72
1245.42
1253.82
1244.32
1241.22
1251.82
1252.92
1243.62
1242.22
1250.92
1262.22
1268.52
1262.42
1259.82
1258.42
1247.72
1247.82
1249.22
1257.12
1250.42
1254.52
1259.82
1252.52
1245.42
1245.12
1254.22
1252.62
1248.52
1248.12
1252.02
1244.82
1239.62
1242.92
1246.22
1250.82
1247.52
1240.02
1249.92
1252.02
1250.42
1244.62
1249.22
1247.82
1241.02
1250.12
1251.02
1251.62
1229.62
1237.92
1246.02
1256.52
1251.02
1247.12
1253.42
1252.62
1252.62
1245.32
1251.52
1261.32
1256.02
1248.22
1244.92
1237.92
1244.92
1248.32
1255.12
1259.42
1249.12
1248.12
1255.92
1259.72
1248.62
1245.42
1255.42
1253.42
1238.62
1235.12
1248.22
1252.92
1248.52
1237.82
1244.02
1251.32
1253.52
1243.82
1251.72
1253.32
1241.82
1239.82
1253.62
1258.32
1248.72
1243.02
1251.12
1252.52
1242.42
1240.72
1252.12
1258.32
1253.12
1252.82
1259.42
1255.92
1245.82
1246.92
1255.92
1271.02
1278.82
1276.62
1251.42
1247.72
1246.72
1250.72
1250.92
1258.82
1246.32
1243.22
1249.62
1251.42
1256.62
1254.02
1252.02
1257.62
1248.62
1246.32
1244.92
1245.42
1245.02
1250.32
1257.42
1258.22
1257.72
1252.92
1264.02
1259.92
1259.02
1246.92
1246.22
1252.02
1245.02
1251.02
1248.62
1245.62
1247.52
1245.22
1253.32
1250.92
1245.92
1237.82
1249.62
1263.02
1254.92
1256.42
1251.82
1255.42
1250.52
1244.92
1250.82
1244.32
1246.82
1241.92
1250.32
1258.82
1252.72
1250.72
1248.32
1251.82
1241.42
1235.22
1242.72
1246.92
1243.62
1245.52
1252.62
1253.32
1249.62
1251.82
1257.72
1258.32
1249.52
1244.12
1251.72
1252.42
1249.62
1237.02
1247.32
1252.72
1253.52
1248.62
1261.12
1256.02
1236.82
1233.32
1244.52
1247.42
1235.82
1235.42
1237.62
1122.02
