5741.2
5778.9
5795.9
5797.4
5809.9
5801.9
5787.6
5810.3
5839.8
5882.3
5907.7
5921.6
5957.5
5986.4
6009.8
6049.8
6049.6
6077.8
6074.5
6055.4
6079.5
6092.7
6108.1
6143.1
6160.5
6208.3
6252.7
6281.3
6324.5
6358.5
6362.1
6387.7
6430.1
6444.6
6484.3
6505.2
6536.3
6567.7
6570.3
6593.7
6630.6
6640.2
6657.4
6634.1
6635.8
6644.4
6624.1
6618
6630.6
6618.7
6626.3
6604.6
6621.3
6656.6
6645.2
6645.7
6656.6
6646.8
6650
6655.3
6649.2
6646.6
6618.6
6599.2
6625.8
6634.8
6627
6628.7
6609.7
6618.9
6626.5
6615.9
6627.3
6617.9
6631.2
6654.9
6668.6
6678.7
6684.3
6688.8
6723.1
6743.9
6758.1
6803.9
6818.6
6837.3
6836.2
6817.8
6851
6884.6
6900.2
6930.9
6951.7
6992.3
7016.7
7013.8
7014.2
7028.1
7020.5
7041.5
7067
7062.8
7063.5
7060
7088.8
7127.1
7122
7133.3
7156
7148.4
7162.2
7157.1
7171.3
7188.5
7172.5
7189.6
7187.4
7178.6
7185.9
7182.5
7200.2
7217.8
7190.6
7185.1
7187.3
7159.3
7137.5
7121.2
7115.1
7121.3
7107.3
7109.7
7129.7
7132.1
7124.3
7112.8
7090.8
7090.6
7080.3
7071.7
7085
7085.5
7083.3
7104.4
7103.3
7141.5
7159.6
7158.4
7184.1
7206.5
7213.8
7232.1
7229.1
7266
7283.1
7281.9
7299
7312.3
7338.3
7362.6
7374.3
7396.5
7412.8
7429.9
7456.9
7475.7
7480.7
7513.2
7541.2
7547.1
7558
7538.3
7562.2
7578.3
7564.1
7577.6
7562.5
7549.5
7552.6
7547.7
7544.1
7563.1
7553.7
7567.1
7577.7
7575.7
7573.8
7537.2
7512.9
7511.4
7503.3
7486.7
7482.9
7453.2
7423.9
7413.5
7402.5
7409.9
7396.2
7380.5
7396.7
7406.8
7425
7460.5
7476.1
7503.3
7520.9
7520
7550.8
7546
7571.1
7568.7
7557
7569.4
7573.8
7583.2
7613.4
7625.3
7631.1
7660.9
7692.8
7708.3
7724
7724.3
7747.1
7768.2
7774.2
7811.3
7819.9
7825.2
7852.6
7854.3
7847.8
7858.8
7855.1
7868.5
7865.3
7859.8
7877.6
7850.1
7846
7860.3
7852.6
7858.5
7854.8
7850.5
7856.5
7839
7838.4
7839.4
7808.7
7797
7794.8
7770.7
7755.3
7736.9
7707.6
7692.5
7662
7639.6
7659.2
7648.7
7628.5
7632.2
7632.3
7671
7661.2
7640.4
7664.5
7683.6
7686.5
7694.7
7692.4
7722.3
7735.4
7742.2
7784.5
7787.1
7779.3
7791.2
7794.9
7814.4
7813.3
7809
7841.7
7860
7871.8
7913.6
7931.9
7955.8
7979.8
7971.6
7979.9
7978.1
7987.2
8005.6
7992
7997.3
8021.2
8015.4
8037.2
8052.6
8033.4
8046.4
8063
8051.4
8065.8
8038.7
8040.9
8057.4
8036.5
8041.5
8041.6
8041.2
8050.3
8034.4
8033.9
8024.4
7954.3
7913.3
7874
7852.1
7857.9
7848.6
7815.9
7818.9
7791.8
7763.3
7773.5
7759.7
7770.5
7759.6
7738.4
7770.3
7779.9
7797.5
7841.4
7858.9
7868.3
7870.5
7856.2
7892.4
7902.9
7902.9
7926.3
7912.9
7929.7
7920
7930
7961.8
7972.8
7971.6
7990
8005.5
8021.4
8067.6
8086.8
8111.7
8120.7
8120.7
8144.3
8161.4
8171.1
8185.2
8199.1
8192.6
8199.5
8189.3
8191.6
8196.6
8179
8172.8
8171.8
8163.9
8170
8169.5
8207.7
8236.4
8195.3
8186
8177.7
8177.9
8185.8
8153.5
8144.9
8157.6
8130.8
8119.4
8088
8043.8
8025.3
8009.6
7989.4
7983
7966.5
7961.5
7971.6
7977.7
7966.8
7980.3
7975.3
8006.4
8004.1
7995.2
8016.1
8003
8008.4
8020.3
8031.7
8075.4
8085.5
8078
8092.8
8089.2
8094.1
8096
8087.6
8120.5
8145.9
8156.9
8182.3
8191.4
8202.7
8226.4
8230.1
8242.4
8262.2
8262.2
8291
8321.4
8318.4
8326.6
8335.9
8333.5
8344.4
8340.7
8360.5
8384
8362.6
8376
8373.6
8380.1
8385.7
8373.5
8381.8
8393.3
8360.3
8360.9
8376.4
8378.2
8399.6
8368.5
8367
8386.8
8376
8370.8
8352.9
8351.3
8347.6
8302.9
8275.1
8253.2
8195.9
8148.2
8143.4
8138.2
8136.6
8119.8
8094
8111.3
8113.6
8112.1
8146.5
8149.8
8184.3
8182.1
8167.9
8194.2
8193.3
8186.9
8208.5
8190.2
8213.8
8239.1
8259.1
8273.7
8277.8
8279.5
8309.9
8326.1
8351.9
8381
8422
8475.1
8520.1
8522.6
8539.2
8546.4
8542
8545.4
8522.5
8527.7
8541.2
8505.3
8498.1
8508.4
8486.1
8490.2
8491.8
8479.4
8474.8
8444.1
8447.2
8444.1
8454.7
8464.1
8440.7
8429
8400.4
8362.1
8343.9
8342.5
8306.4
8260.1
8220.6
8194.2
8187.8
8206.8
8203.8
8238
8241.9
8237.9
8265.2
8254
8274.2
8278
8275.8
8311.9
8311.4
8292.6
8307.6
8314.5
8343.6
8342.7
8336.9
8352.3
8367.1
8380.4
8423.3
8465.5
8476.5
8502.7
8516.3
8519.4
8526.7
8528.6
8563.2
8584.6
8572.6
8576.9
8567.6
8564.7
8556.8
8515.5
8522.7
8550.9
8553.3
8589.1
8583.1
8573.3
8578.5
8546.9
8542.4
8553.6
8522.7
8500.2
8483.2
8461.5
8441.8
8402.7
8360.6
8343.1
8305.1
8304.9
8294.7
8290.6
8311.2
8323.2
8316.4
8326.5
8297.1
8302.9
8328.8
8311.6
8335.1
8361.7
8373.3
8413.4
8420.4
8399.8
8412.9
8417.9
8424.4
8422.5
8406.7
8421
8448.5
8472.4
8535.2
8553.3
8549.4
8567
8592.7
8624.9
8650
8611.3
8614.1
8639.8
8621.5
8632.1
8634
8641.8
8665
8640.6
8648
8663
8655.7
8660.4
8649.9
8646.9
8654.3
8638.2
8651.5
8641.6
8621.5
8628.8
8624.4
8588.5
8565.2
8535.4
8500.4
8473.6
8429.3
8398.9
8404.9
8399.3
8398.8
8415.2
8420.4
8417
8381.2
8364.8
8385.3
8403.3
8425.8
8439.7
8442
8469.4
8471
8464.2
8488.7
8488.8
8496.6
8506.3
8513.9
8544.3
8550.8
8542
8567.2
8593.7
8637.2
8679.6
8711.2
8726.3
8748
8749.2
8782.7
8809.5
8783.1
8790
8797.9
8785.8
8786.6
8764.2
8762.6
8773.6
8754.2
8771.1
8757
8761.3
8779.1
8763
8771.1
8783.7
8766.8
8759.2
8740.8
8744.1
8733.6
8700.1
8673
8671.6
8652.9
8624
8581.4
8524.8
8479.7
8481.2
8471.3
8497.4
8491.1
8469.2
8491
8490.1
8529.9
8532.3
8521.4
8557.1
8552.6
8546.6
8562.4
8561
8606.6
8614.3
8600.4
8634.3
8649.7
8644.6
8657.7
8646.8
8666.5
8685.5
8701.9
8730.5
8742.7
8765.8
8824.5
8863.1
8863.6
8868.4
8867
8859.4
8860.4
8837.8
8847.4
8860.5
8840.7
8835.1
8834.4
8817.5
8825.6
8810.2
8837.7
8867
8855
8849.5
8845.3
8850.1
8862.7
8831.5
8828.6
8822.7
8786.6
8781.6
8796.4
8798.7
8757.6
8729.8
8682
8661.2
8625.2
8594.3
8588.8
8596.8
8597.2
8608.5
8587.4
8608.6
8607.5
8604.4
8631.3
8630
8647.9
8663.3
8669
8712.4
8726.7
8722.9
8738
8732.5
8742
8754
8758
8796.1
8815.6
8806.7
8835.9
8893.3
8931.4
8957.7
8947.1
8941.4
8953.5
8947.5
8959.4
8960.5
8967.8
8994.2
9001.3
8998.8
9015.6
9000.3
9005.8
9011.3
8984.9
8967.5
8956
8968.2
8981.5
8953.5
8945
8961
8949.5
8956.4
8901.4
8842.2
8801.1
8768.4
8742.1
8745.7
8733.9
8714.5
8705.1
8699.6
8681.8
8676.8
8655.3
8674.8
8677.9
8680.3
8722.7
8765.7
8786.4
8791.1
8780.1
8806.4
8799.2
8783.7
8795.7
8804.6
8839.3
8857.5
8850
8862.1
8864.3
8861.1
8893.1
8935.9
8949
8947.3
8949.6
8989.9
9014.5
9002.3
9026.1
9053.9
9057.3
9075.2
9076.8
9080.4
9090.9
9068.2
9075.5
9081.1
9054.6
9054.4
9057.4
9062.6
9077
9065.8
9067
9073.7
9041.5
9035.6
9035.5
9055
9047.8
9003.4
8973.9
8952.1
8921.8
8909.1
8882.6
8837.6
8799.9
8779.5
8759.2
8765.8
8764.6
8750
8762
8766.5
8793.2
8816.8
8826.7
8836.2
8833.2
8827.3
8853.3
8856.5
8886.1
8900.4
8904.8
8924
8927.1
8920.9
8923.8
8928.7
8963.8
9001.7
9013.3
9023.3
9045
9050.1
9078.2
9098.6
9137.2
9162.2
9153.5
9161.2
9180.4
9162.7
9170.5
9187.1
9175.3
9179.3
9169
9158.9
9150.9
9123.4
9121.2
9127.5
9125.8
9136.8
9110.1
9126.1
9142.5
9117.9
9110.8
9083.3
9069.6
9069.8
9064
9045.8
9042.1
9016.5
8997.2
8984.3
8958.7
8961.1
8957.6
8920.5
8872.2
8827.1
8800.9
8810.4
8807.9
8823.3
8857.8
8875.2
8898.7
8902.3
8887.9
8898.8
8889.4
8879.5
8912.5
8909.6
8933.7
8933.8
8928
8962.3
8985.9
8994
9005.3
9000.1
9015.5
9013.7
9005
9006.8
9023
9048.6
9102.8
9149.6
9163.3
9201.3
9203.5
9232.7
9256.1
6892.9
