4344.84
4407.54
4603.54
5063.74
5248.94
5230.84
5198.74
5255.84
5581.74
5706.44
5644.34
5568.34
5427.64
5211.74
5004.34
5000.94
5077.84
5124.04
5272.44
5599.34
5818.34
5813.44
5754.94
5869.74
6153.04
6227.44
6129.34
6064.04
5972.24
5963.64
6147.24
6307.04
6270.94
6159.94
5925.24
5727.84
5637.84
5578.44
5560.34
5528.64
5422.34
5280.54
5255.44
5344.34
5559.04
5842.94
5918.94
5855.14
5803.44
5718.04
5783.34
6068.74
6223.94
6199.74
6049.84
6159.84
6452.74
6508.94
6386.44
6272.24
6139.54
5927.74
5676.14
5588.74
5611.24
5579.24
5478.54
5421.34
5439.54
5508.54
5564.54
5833.14
6170.54
6261.04
6187.64
6132.24
6065.54
5896.34
5740.24
5720.64
5771.14
5751.24
5644.84
5620.84
5691.44
5771.84
5776.14
5778.94
5707.94
5604.44
5625.14
5669.64
5917.84
6112.64
6323.14
6289.94
6271.04
6187.34
6219.64
6535.04
6655.24
6621.94
6441.84
6219.94
6078.74
6045.64
6041.34
6017.34
5951.64
5805.14
5644.64
5657.64
5708.24
5678.14
5592.64
5564.74
5648.84
5724.84
5766.14
5962.54
6317.24
6469.74
6432.04
6394.54
6311.84
6105.44
5921.74
5905.54
5928.04
5894.24
5779.44
5713.84
5765.44
5888.54
5965.24
6177.04
6526.24
6664.34
6526.04
6347.34
6276.24
6453.44
6522.24
6452.84
6420.34
6309.04
6132.54
6031.64
6057.44
6108.64
6085.14
5999.64
5974.34
6042.94
6108.24
6159.24
6160.44
6053.04
5924.44
5927.14
6087.34
6335.04
6585.74
6655.54
6600.24
6578.24
6495.64
6618.24
6899.34
6978.34
6952.54
6950.54
6886.74
6710.94
6535.74
6467.44
6476.84
6427.44
6516.34
6818.24
6974.04
6955.44
6809.54
6860.74
7058.34
7067.34
6955.94
6876.34
6978.64
7104.94
7125.14
7004.94
6929.04
6779.44
6591.84
6453.34
6432.84
6440.74
6433.84
6569.64
6873.94
6918.84
6853.64
6801.84
6708.34
6568.94
6399.14
6403.14
6453.14
6422.04
6348.74
6309.94
6271.74
6174.44
6143.14
6177.04
6158.84
6055.84
6100.54
6219.34
6234.84
6381.74
6642.64
6926.14
7009.24
7061.74
7095.44
6927.74
6573.04
6450.24
6489.14
6618.24
6860.64
6922.44
6889.94
6850.04
6781.54
6815.64
7005.64
7184.34
7151.44
7036.24
6910.84
6826.24
6778.44
6738.54
6759.74
6901.04
6996.44
6875.54
6792.24
6775.54
6751.94
6656.14
6551.94
6557.14
6595.64
6602.14
6721.04
7052.64
7154.64
7330.74
7695.04
8145.04
8426.74
8303.24
8011.04
7811.24
7724.04
7717.94
7563.04
7395.64
7165.94
6941.14
6860.74
6844.94
6799.44
6871.94
7112.54
7294.34
7281.84
7195.24
7008.94
6955.54
6948.74
6937.14
6887.24
6859.84
6735.34
6566.74
6547.64
6584.44
6621.14
6563.84
6502.44
6540.54
6612.64
6629.84
6584.84
6608.54
6647.44
6681.24
6674.04
6653.94
6570.64
6415.04
6450.04
6500.14
6574.34
6574.44
6486.84
6548.14
6651.24
6691.84
6811.34
7070.94
7253.84
7286.04
7201.64
7088.44
7047.64
6997.84
6986.74
6981.24
6933.84
6827.64
6725.94
6759.44
6801.84
6766.24
6691.94
6664.44
6616.64
6521.04
6439.34
6503.94
6694.14
6843.74
7025.64
7079.64
7063.34
6968.04
6807.14
6706.44
6874.34
6996.04
7029.34
7014.54
7025.84
7054.44
7021.84
7009.74
7031.44
6964.04
6850.54
6780.94
6774.24
6821.94
6802.24
6767.94
6775.74
6772.74
6804.84
6810.84
6815.64
6817.84
6546.14
6298.74
6289.64
6371.24
6619.64
6831.84
7025.14
7084.84
7046.64
7027.94
7145.24
7473.04
7781.04
7805.24
7634.64
7421.24
7283.24
7235.24
7191.74
7132.14
7105.34
7014.44
6904.64
6872.34
6901.04
6921.64
6906.94
6898.54
6943.64
6979.74
6975.44
7002.74
6927.94
6856.24
6820.94
6832.24
6964.74
7097.34
7187.94
7191.14
7152.94
7134.74
7088.34
7045.94
7049.24
7023.94
6982.44
7029.74
7186.24
7384.44
7410.54
7361.94
7340.34
7283.94
7238.14
7213.64
7175.64
7124.54
7035.64
6914.84
6928.94
6970.74
7081.34
7210.84
7210.54
7212.54
7128.44
7107.24
7120.74
7070.94
7032.84
7041.54
7049.24
7113.64
7241.54
7253.84
7231.14
7205.74
7171.54
7246.24
7378.54
7491.04
7456.14
7381.34
7398.34
7444.04
7494.64
7469.64
7380.94
7297.74
7302.74
7409.24
7552.94
7542.94
7334.14
7044.94
6845.64
6855.14
6916.14
6955.34
7222.54
7541.84
7781.24
7727.44
7620.24
7502.84
7424.64
7329.34
7293.04
7254.54
7240.14
7254.14
7239.04
7241.04
7242.34
7225.04
7210.24
7156.84
7070.44
7062.64
7040.54
7102.64
7252.44
7350.84
7380.94
7309.54
7262.94
7299.44
7439.04
7546.94
7544.84
7487.74
7485.64
7473.94
7427.14
7399.54
7349.74
7309.64
7268.84
7224.84
7251.74
7232.44
7238.24
7281.94
7288.74
7309.04
7293.14
7276.64
7321.84
7419.94
7483.94
7444.54
7386.24
7415.14
7508.84
7501.34
7461.14
7418.44
7392.74
7414.94
7409.84
7405.94
7378.94
7346.14
7392.84
7436.74
7502.74
7476.84
7364.24
7355.84
7448.94
7468.84
7434.14
7414.44
7374.44
7418.74
7508.44
7581.84
7546.54
7516.44
7572.84
7555.64
7523.84
7503.54
7424.44
7397.14
7419.94
7417.84
7422.64
7395.44
7445.34
7517.64
7498.54
7471.44
7436.84
7399.74
7373.14
7376.04
7384.24
7391.94
7350.34
7354.14
7406.14
7432.54
7444.14
7398.54
7364.54
7388.34
7410.04
7438.04
7430.24
7415.64
7467.14
7485.54
7496.14
7488.74
7442.84
7470.54
7601.34
7604.24
7575.64
7530.14
7506.64
7519.64
7512.84
7524.24
7523.84
7497.74
7539.24
7567.24
7552.04
7561.94
7531.94
7502.54
7503.84
7506.84
7509.64
7474.34
7477.24
7508.04
7522.94
7539.74
7538.14
7554.64
7602.44
7595.14
7551.84
7539.24
7482.84
7491.64
7515.64
7491.44
7525.74
7567.34
7620.94
7657.44
7622.34
7577.54
7563.14
7565.44
7568.44
7542.54
7581.44
7647.44
7640.54
7635.74
7605.14
7558.04
7591.34
7646.24
7682.04
7642.74
7572.84
7548.44
7533.94
7571.94
7586.34
7548.94
7554.44
7635.34
7663.34
7683.04
7630.04
7561.74
7556.74
7569.74
7657.94
7755.54
7713.34
7665.64
7710.84
7742.04
7746.34
7689.94
7623.44
7593.94
7555.94
7585.54
7613.74
7570.24
7572.94
7586.54
7660.84
7706.34
7648.74
7598.84
7582.84
7593.44
7702.04
7716.54
7658.94
7646.64
7691.14
7738.54
7736.54
7657.84
7631.54
7561.64
7590.24
7678.84
7674.64
7665.14
7648.14
7667.24
7719.84
7702.04
7648.14
7616.44
7549.74
7577.74
7678.04
7705.74
7727.54
7713.84
7741.74
7725.54
7660.64
7606.54
7582.34
7635.14
7705.74
7673.94
7619.34
7637.14
7674.44
7725.34
7704.24
7639.04
7608.24
7596.14
7652.94
7677.44
7622.74
7581.14
7573.64
7590.94
7685.24
7685.74
7669.44
7695.84
7735.34
7769.74
7720.04
7653.64
7611.34
7579.24
7566.74
7626.24
7667.94
7719.44
7695.24
7632.24
7592.74
7528.44
7533.74
7555.14
7544.54
7638.24
7707.64
7669.64
7626.64
7558.94
7532.64
7556.24
7588.84
7651.14
7641.04
7567.04
7546.94
7521.54
7554.74
7636.54
7612.74
7569.14
7551.84
7567.44
7627.44
7602.04
7529.64
7545.44
7573.14
7635.34
7658.94
7692.44
7695.44
7632.24
7576.74
7552.44
7540.34
7614.54
7670.44
7630.04
7584.54
7561.54
7635.64
7680.64
7599.44
7563.54
7549.44
7576.14
7649.04
7640.94
7594.64
7553.84
7525.84
7566.74
7608.04
7576.84
7568.44
7559.74
7624.94
7664.54
7585.64
7542.84
7505.84
7554.54
7630.24
7608.64
7576.04
7612.84
7681.64
7676.84
7612.84
7536.64
7529.44
7531.94
7544.94
7582.54
7567.94
7553.84
7567.04
7540.44
7551.54
7513.04
7541.94
7603.94
7581.24
7560.84
7545.94
7530.74
7590.34
7635.24
7599.54
7588.04
7563.74
7632.44
7683.24
7616.74
7606.74
7587.84
7662.74
7694.54
7628.94
7586.84
7578.14
7569.14
7611.74
7611.94
7591.94
7608.94
7601.64
7666.44
7660.34
7573.34
7552.34
7509.54
7545.14
7613.64
7656.34
7643.84
7682.24
7743.74
7770.44
7707.84
7637.14
7579.04
7541.94
7606.24
7648.54
7614.04
7581.64
7599.94
7684.74
7722.94
7629.94
7591.54
7642.04
7703.24
7726.64
7650.64
7583.74
7589.84
7609.54
7668.34
7677.24
7621.94
7603.64
7637.04
7669.74
7673.44
7596.54
7546.54
7569.04
7604.54
7663.34
7598.14
7500.34
7483.64
7478.64
7510.54
7505.74
7511.04
7601.64
7668.94
7661.04
7599.34
7522.44
7552.14
7649.94
7674.84
7669.34
7665.04
7767.24
7806.24
7748.24
7711.14
7664.44
7611.44
7639.24
7666.24
7649.94
7635.14
7594.94
7687.64
7756.44
7693.24
7659.24
7571.74
7579.24
7661.54
7654.84
7639.44
7599.94
7595.24
7646.44
7645.14
7611.14
7588.84
7565.64
7642.14
7708.14
7662.34
7638.54
7558.74
7590.04
7670.24
7645.94
7636.94
7681.34
7757.14
7795.04
7745.24
7696.44
7664.14
7613.94
7670.14
7724.84
7692.74
7645.14
7620.54
7622.64
7630.24
7589.24
7562.34
7533.84
7509.54
7576.74
7590.74
7604.24
7608.84
7572.74
7583.44
7568.34
7509.44
7521.44
7519.54
7578.94
7672.94
7667.24
7660.04
7597.44
7616.94
7683.74
7675.94
7645.64
7606.64
7595.44
7688.74
7738.24
7680.84
7642.64
7645.54
7729.44
7781.24
7709.74
7682.04
7647.64
7651.24
7723.34
7713.94
7667.04
7640.14
7619.04
7683.24
