1740.9
1727.3
1781.3
1765.8
1835.7
1877
1893.7
1971.4
2013
2029.5
2016.1
1986
2002.6
2028.1
2054.2
2096.3
2103.1
2111.3
2163.6
2202.1
2216.3
2273.9
2288.4
2343.3
2328.2
2276.9
2251.5
2227.5
2246
2258.1
2276.7
2295.4
2286.6
2298.5
2316
2261.4
2190.7
2103.1
2105.2
2186.2
2227.1
2255.8
2305.7
2344.6
2394.6
2403.3
2426.6
2460.8
2427.5
2431.6
2447.1
2436.5
2465.6
2469.9
2495.3
2543.7
2529.7
2558.8
2598.6
2595.8
2629.6
2599.6
2607.1
2628.3
2609.4
2611.3
2630.6
2608.3
2618.2
2608.7
2611.7
2641.5
2611.3
2635
2666.8
2649.8
2670
2605.9
2613.8
2681
2674.3
2724.9
2704.6
2716.4
2747.2
2716.8
2752.1
2776.4
2744.3
2781.1
2743
2752.1
2787.6
2745.1
2766.6
2761.9
2738.2
2771.2
2733
2733.3
2782.4
2767.5
2752.7
2783.6
2765.1
2797.2
2835.6
2813
2847.3
2839.3
2846.7
2891
2885
2873.1
2882.3
2875.8
2930.6
2918.3
2927.7
2958
2931
2941.6
2951.3
2921.7
2919.6
2853.1
2788.5
2765.8
2737.3
2821.5
2858.8
2893.4
2925.8
2921.4
2929.6
2956.9
2935.5
2963.4
2961.4
3013.5
3051.7
3057.2
3073.4
3071.3
3033.9
3037.3
3023.8
3031.9
3028.8
2997.2
3009.6
3010.5
3016.2
3016.8
2967.1
2972.9
2946.6
2931.6
2958.4
2926.7
2964.1
2947.4
2932.8
2960.7
2933.7
2934.2
2960.6
2932.1
2965
2964.8
2926.3
2956.3
2923.1
2949.1
2975.6
2939.2
2953.9
2957.2
2924.8
2965.4
2919.8
2936.6
2966
2925.3
2950.1
2977.7
2943.2
2980.2
3002.2
3013.5
3038.8
3036.7
3043.5
3040.4
3026.7
3052.2
3049
3027.4
3055.3
3049.4
3058.2
3104.3
3109.2
3157.4
3145.7
3136.4
3170
3172.1
3197.9
3212.6
3233.2
3261.6
3212.2
3203.9
3228.2
3236.8
3257.5
3245.8
3244.1
3268.8
3229.4
3207.9
3154.9
3075.5
3078.5
3078.1
3126.7
3190.1
3190.7
3233.5
3241.7
3239.8
3260.1
3271.8
3266.7
3294.5
3280.9
3284.6
3306.5
3279.1
3299.3
3283.3
3291.4
3308.6
3292.7
3340.7
3343.2
3299.8
3311.6
3290.5
3317.1
3360.4
3313.1
3352.9
3339.1
3310.1
3352.9
3323.7
3348.5
3363.4
3310.8
3354.6
3343.9
3343.6
3375.5
3346
3376.6
3391.3
3347.6
3377.5
3384.4
3370.9
3386.6
3347.4
3333.4
3321.1
3264.4
3268.3
3293.9
3302.3
3291.8
3278.2
3322.9
3317.2
3290.7
3302.5
3259.3
3272
3229.8
3241.3
3264.3
3246.6
3259.8
3297.7
3254.8
3280.9
3259.3
3253.8
3288.5
3260
3280.6
3277.9
3251.5
3282.4
3247
3251.7
3298.9
3254.1
3265.9
3269.1
3264.4
3286
3245.7
3241.8
3289.4
3244.2
3256.5
3264.2
3238.1
3289.9
3266.5
3244.6
3295.2
3288.7
3307.9
3307.5
3289.3
3316.2
3330.3
3325.8
3358.8
3353.6
3337.6
3362.3
3360.8
3363.1
3362.5
3341.7
3375.4
3363.6
3341.7
3368.7
3337.1
3356.2
3354.6
3326
3353.2
3357.7
3348.1
3394.1
3401
3419.3
3423.2
3397.1
3422.8
3406.3
3370.8
3379.7
3365.7
3408.6
3408.9
3413.8
3456.8
3420.7
3377.9
3380.7
3375.3
3428.3
3447.7
3429.7
3410.7
3381.6
3413.5
3439.4
3446.7
3465.5
3447.6
3468.1
3513.7
3533.3
3555.2
3550.5
3555.8
3604.1
3584.5
3596.3
3602.6
3585.5
3590.6
3607.1
3625.1
3639.3
3593
3608.9
3618.2
3593.9
3602.8
3615.4
3595.3
3616.9
3577.9
3589.4
3620.3
3591
3602
3590.3
3594.7
3620.8
3597
3601.4
3627
3606
3621
3614.7
3614
3627.4
3613.9
3629
3631.3
3589.8
3599.9
3599.8
3638
3664.5
3615.5
3622.5
3642.1
3612.8
3616.7
3620
3612.7
3634.3
3608.3
3616.6
3621.7
3605.4
3617.1
3615.4
3606.1
3628.2
3603.6
3634.8
3695.1
3695.3
3695
3674.3
3685.1
3694.3
3682.5
3682.7
3620.4
3564.7
3610.4
3657.4
3699.4
3699.2
3685.1
3710.6
3677.1
3699.6
3664.9
3663.5
3675.6
3668.4
3639.1
3654.8
3617.6
3599.4
3607.1
3570.1
3576.9
3560.1
3544.9
3558.6
3560.2
3551.2
3540.6
3510.3
3557.6
3554.4
3524
3542.4
3510
3518.9
3460.4
3423.1
3431.8
3426.8
3392.8
3410.9
3378.6
3376.2
3373.7
3355.8
3376.3
3373.2
3349.6
3373.2
3354.6
3336.8
3356.4
3340.1
3408
3410.5
3358.7
3379.1
3369
3382.2
3395.8
3377.9
3406.1
3423.3
3405.5
3437.8
3438.2
3452.3
3477.3
3473
3518.2
3522.1
3494.5
3522.1
3528.9
3558.2
3577.4
3565.4
3584.1
3581.5
3589.9
3626.8
3595.7
3575.6
3582.4
3594.8
3606.3
3577.6
3593.6
3623.2
3627.6
3684.5
3663.7
3663.1
3655.8
3661.2
3707.3
3710.7
3683.9
3695.8
3679
3700.4
3734
3694.1
3700.3
3705.6
3714.2
3742.8
3727.6
3732.4
3751.3
3718
3746.6
3720.2
3710.7
3711.6
3669.2
3681.1
3727
3710.8
3720.1
3730.9
3696.6
3720.5
3707.4
3725.7
3742.2
3706.4
3731.4
3793.7
3804.8
3858.7
3849.8
3853.1
3841
3819.3
3861.2
3895.7
3907
3922.3
3879
3865
3878.5
3847.4
3861.4
3872.7
3855.4
3866.9
3846.9
3853.9
3884.5
3852
3847.6
3833.3
3839.2
3858.4
3837.3
3833.1
3856.1
3835.8
3848.7
3869.9
3857.8
3866.2
3839.1
3838.3
3850.6
3827
3844.9
3867
3848.8
3877.6
3844.1
3849.7
3869.8
3839
3860.9
3879.4
3858.6
3857.1
3839.3
3869.4
3906.5
3881.4
3890.2
3878.4
3837.2
3858.9
3872.9
3878
3902.2
3879.9
3885
3867.1
3861.4
3844.7
3792.1
3784
3785.3
3774.1
3803.4
3808.7
3828.7
3864.4
3875.7
3894.9
3888.1
3872.7
3861.7
3813.6
3798.3
3778
3749.3
3768.3
3745.1
3718.7
3710.8
3681
3676.5
3614
3571.1
3561.3
3504.1
3474.1
3489.4
3471.3
3492.9
3491.4
3459.5
3483.5
3470.1
3448.7
3458.8
3439.6
3456.6
3453.9
3413.1
3416.8
3394.1
3380.2
3403.1
3365.1
3400.4
3428.9
3426.4
3468
3460
3457.2
3456.4
3454.4
3484
3501.1
3488.5
3524.8
3493.7
3523.5
3555.3
3545.1
3544.9
3542
3539.4
3586.3
3606.7
3639.4
3636.8
3588.9
3565.5
3513
3491.6
3542.8
3555.9
3541.3
3568.4
3552.1
3578
3597.1
3590.4
3619.8
3609.9
3619.2
3641.8
3634.6
3645.9
3641.8
3619.3
3667.3
3673
3674.1
3688.8
3659.3
3646.4
3621
3610.1
3642.8
3651.3
3686.6
3692.5
3670.5
3697.4
3696.4
3733.7
3799.6
3810.5
3851.7
3824.7
3842
3881.8
3865.9
3876.2
3899.6
3882.5
3895.5
3883
3883.7
3904.7
3872.6
3884.4
3908.6
3892.3
3897.8
3880.8
3846
3839.8
3833.8
3883.2
3875.2
3882.3
3887.4
3878.8
3876.3
3902.9
3882.6
3895.4
3929.7
3909
3914.7
3910.2
3903.2
3925.9
3897.7
3924.8
3936.7
3916.1
3933.3
3905.8
3911.2
3930.2
3906.5
3948.8
3946.1
3923.4
3926.3
3922.3
3936.8
3962.2
3922
3940.5
3957.9
3917.4
3926.7
3921.3
3927.3
3950.9
3916.8
3917.8
3924.8
3905.9
3927.9
3914.7
3925.6
3948.7
3927.4
3928.3
3937.9
3910.9
3936.2
3945
3928.9
3958.4
3929.2
3940.3
3962.1
3932
3945.5
3932.9
3936.6
3971.7
3950.4
3972.4
3958.5
3972.3
4003
3960.6
3991.4
3997.9
3951
3999.4
3980.6
3973.6
4008.7
3966.9
3991.3
4002.2
3963.7
4011.5
3968.6
3986
3993.4
3959.2
3985.4
4003.7
3962.5
4012.4
4003.6
3981.1
3997.7
3977.4
4004.8
4028.2
4018.2
4056.8
4067.7
4080.5
4104.5
4068.7
4056.2
4057.8
4030.5
4027.4
4019.1
4042.4
4095.2
4138.9
4158.3
4156.1
4090.6
4092.9
4128.6
4155.6
4173.2
4165
4190.1
4222
4189.3
4196.9
4203.4
4165.3
4147.1
4105.6
4072.9
4022.3
3974.2
3972.6
4008.1
4043.6
4069.7
4062.3
4075.1
4092.5
4084.6
4092.8
4069
4038.2
4054.2
4037.3
4060.2
4053.8
4069
4058.8
4015.6
4006.3
3997.5
3961.7
3975.1
3925.6
3924
3943.7
3930.8
3940.4
3935
3903.6
3931.4
3928.3
3900.4
3910.1
3876.4
3880.7
3870.6
3842.5
3864.4
3857.6
3824.3
3841.5
3826.1
3823.3
3837.1
3819.3
3844.5
3832.8
3808.8
3853.2
3834.6
3854.5
3847
3828.2
3855.2
3853.9
3833.7
3841.8
3838.5
3836.1
3866
3847.5
3878.4
3841
3834.6
3845.7
3876.4
3878.7
3884.7
3859.6
3889.3
3867.8
3849.8
3902.5
3896.4
3908.7
3865.8
3820.2
3843.2
3855
3867.4
3883.7
3871.3
3883.8
3886.3
3903.2
3941.6
3945.4
3991.2
4029.1
4029.2
4037.4
4020.5
4007.8
4000.4
3956.1
3978.9
4025.9
4042.7
4074.9
9239.8
