0
0
0
0
0
0
0
0
0
0
0
0
0
0
0
0
0
0
0
0
0
0
0
0
0
0
0
0
0
0
0
0
0
0
0
0
0
0
0
0
0
0
0
0
0
0
0
0
0
0
0
0
0
0
0
0
0
0
0
0
0
0
0
0
0
0
0
0
0
0
0
0
0
0
0
0
0
0
0
0
0
0
0
0
0
0
0
0
0
0
0
0
0
0
0
0
0
0
0
0
0
0
0
0
0
0
0
0
0
0
0
0
0
0
0
0
0
0
0
0
0
0
0
0
0
0
0
0
0
0
0
0
0
0
0
0
0
0
0
0
0
0
0
0
0
0
0
0
0
0
0
0
0
0
0
0
0
0
0
0
0
0
0
0
0
0
0
0
0
0
0
0
0
0
0
0
0
0
0
0
0
0
0
0
0
0
0
0
0
0
0
0
0
0
0
0
0
0
0
0
0
0
0
0
0
0
0
0
0
0
0
0
0
0
0
0
0
0
0
0
0
0
0
0
0
0
0
0
0
0
0
0
0
0
0
0
0
0
0
0
0
0
0
0
0
0
0
0
0
0
0
0
0
0
0
0
0
0
0
0
0
0
0
0
0
0
0
0
0
0
0
0
0
0
0
0
0
0
0
0
0
0
0
0
0
0
0
0
0
0.216895
0.542236
0.650684
1.05068
1.66758
1.57603
1.26758
2.38447
4.55559
5.40981
5.25559
4.85559
4.50137
6.60981
8.05559
8.10137
7.70137
8.35559
9.80981
11.2556
14.3556
16.6098
17.8098
16.9556
15.3014
16.1556
17.0556
15.7014
12.9014
11.8556
15.4098
16.5556
15.6556
15.4556
15.0098
14.1556
15.3014
16.5014
18.4098
18.6556
18.1014
16.9556
15.6098
14.1556
14.1014
15.2556
15.4098
13.2556
12.9014
14.8556
11.9556
10.0556
8.90137
9.25559
10.4098
9.05559
7.25559
6.05559
5.90137
3.27603
1.45068
1.07957
0.462671
0
0
0
0
0
0
0
0
0
0
0
0.308447
1.07957
1.50491
1.77603
2.7218
3.45068
4.10491
5.47603
8.60137
10.5014
12.4556
14.6098
14.9556
15.5556
16.0556
17.6098
17.9556
19.3014
20.5014
21.1556
23.4098
25.7014
28.5556
28.2556
29.2098
29.1556
31.8556
34.8098
35.2556
36.4556
37.6556
38.8556
39.6098
36.9014
39.8556
40.7556
43.2098
42.1556
40.9014
44.6098
45.6098
46.3556
45.7014
46.9556
46.0556
46.4556
46.1014
49.1556
50.2098
46.4556
45.7014
47.3014
49.2556
49.3556
46.9014
46.7556
46.6098
44.2556
43.7014
46.4556
47.8098
45.6556
42.9014
44.4556
48.2098
46.5556
42.5014
41.8556
42.4098
41.8556
43.1556
42.4556
40.7725
36.9894
34.0809
32.264
35.1725
38.1063
41.4943
42.9654
37.7654
30.057
29.557
31.3485
34.2943
34.2485
33.957
33.157
36.2654
36.557
38.157
39.7654
39.1654
38.9654
37.757
38.5654
37.3654
35.857
37.557
38.9401
36.6978
35.3352
38.1063
38.5063
39.7894
38.364
36.9014
40.6098
40.3556
39.3014
38.9014
40.8556
43.6098
40.5014
43.5556
45.2556
48.8098
48.1556
50.5556
53.6098
54.0098
50.9014
51.7014
52.9014
58.6098
53.7014
55.7556
56.5556
61.0098
60.4556
59.3014
62.1556
65.0098
63.9556
62.5014
66.2556
70.8098
66.5014
66.5014
70.1556
75.4098
75.1556
76.6556
78.8098
76.6098
72.6556
70.9014
75.2556
79.0098
74.5014
76.1014
79.9556
81.8098
77.0556
73.3014
77.7556
84.5725
86.9894
79.6063
81.4401
84.7112
86.5654
82.157
84.3654
87.4654
87.657
86.257
89.5654
93.3654
90.457
90.857
100.465
103.465
102.157
101.357
102.165
102.265
104.365
103.257
104.657
105.665
98.957
98.357
104.065
108.265
112.165
101.257
97.157
93.6027
89.2943
89.2943
106.628
109.582
97.1112
93.357
94.057
98.8654
97.4654
92.057
95.0654
95.9654
97.8654
94.457
96.457
98.7654
89.457
86.757
89.157
96.9654
95.2654
85.157
92.6654
96.2654
97.9654
88.757
89.957
91.0654
84.4654
85.757
89.257
93.1112
86.5401
84.3063
90.2147
93.2316
90.9316
87.0063
91.8894
92.564
91.9556
90.064
97.9894
104.189
100.564
96.5014
100.156
103.61
98.4556
94.7556
106.789
122.44
122.257
116.857
119.265
120.265
115.857
126.365
133.265
139.965
132.257
129.457
137.165
137.765
139.657
137.457
144.765
150.865
147.057
145.257
150.665
152.565
148.057
150.657
157.965
156.465
154.257
154.957
157.865
157.265
150.957
151.357
153.357
163.565
157.357
155.557
153.957
158.065
152.757
153.557
160.265
161.065
162.165
163.565
152.857
155.065
149.157
148.657
148.557
156.765
156.265
148.657
152.357
159.565
148.157
147.157
147.957
153.365
146.357
151.757
158.665
156.565
152.565
148.057
151.957
153.265
152.065
147.257
146.057
151.865
149.465
146.091
150.296
152.067
152.267
152.113
160.367
164.721
159.367
161.767
164.267
168.521
159.367
152.713
158.967
163.121
161.967
167.213
180.667
179.967
177.958
168.57
172.282
180.737
178.008
184.233
188.033
195.479
188.216
183.208
190.516
190.516
195.045
186.311
197.365
202.465
204.165
196.057
205.765
207.565
195.457
191.357
202.465
208.565
210.365
201.757
209.365
210.065
211.365
206.457
219.265
218.865
205.057
204.457
211.011
228.174
238.282
232.428
232.828
226.374
214.665
212.065
203.157
210.165
201.957
202.357
201.757
207.365
195.757
198.357
205.265
202.265
196.765
189.357
198.565
192.965
192.465
185.757
188.257
195.165
192.765
187.157
193.628
192.445
187.516
177.762
177.516
185.35
193.367
190.413
192.467
197.921
192.613
196.413
202.567
211.421
205.867
198.313
197.713
196.067
195.967
194.213
201.267
207.421
203.967
202.913
212.267
219.021
211.767
202.413
208.267
217.921
214.967
210.45
217.633
222.77
222.916
213.308
218.082
221.965
216.157
218.157
231.965
234.965
222.957
218.457
231.565
240.565
243.765
235.657
238.865
237.665
227.257
223.557
233.365
237.665
232.457
236.311
243.42
247.574
247.274
219.249
220.949
243.765
234.657
233.957
231.865
239.208
229.979
234.525
238.341
250.367
249.167
240.413
251.621
250.167
251.067
242.913
251.667
266.221
264.567
262.867
263.367
272.321
271.967
267.013
280.621
279.667
283.567
276.713
285.367
295.021
284.667
275.913
289.067
300.121
290.567
280.913
288.367
287.867
287.367
285.313
302.367
309.921
292.613
294.613
305.967
308.367
309.167
311.367
307.813
320.821
306.567
300.113
314.767
324.721
316.867
314.813
328.567
332.521
331.121
316.213
311.713
314.667
306.567
311.013
325.767
327.221
328.838
322.926
332.889
336.089
333.16
339.022
346.122
370.922
359.322
342.722
345.022
346.422
347.122
331.322
332.422
350.422
341.222
339.222
339.322
350.022
336.522
336.722
337.122
349.105
344.363
340.401
353.055
351.738
338.713
340.313
346.167
353.167
353.067
348.367
348.467
356.521
347.067
337.113
354.921
356.421
350.767
342.213
346.267
351.021
330.913
332.567
332.667
342.221
330.367
325.767
336.321
335.821
332.021
313.013
320.567
327.421
309.713
306.413
313.367
319.721
311.167
304.513
310.367
308.621
293.867
292.513
305.367
292.067
286.367
283.313
285.313
296.721
285.267
280.013
281.513
299.621
294.567
294.913
304.067
300.367
290.567
289.813
298.367
296.221
294.621
282.213
290.267
290.867
283.767
281.413
295.067
297.267
298.621
285.313
293.767
293.738
286.409
289.609
287.784
287.758
294.584
304.634
282.026
262.001
257.117
272.851
283.843
296.417
296.246
287.621
287.267
299.121
292.213
296.567
297.767
310.721
316.467
316.367
321.221
1230.42
