376.622
363.622
343.022
331.668
313.497
312.872
295.138
283.65
285.096
281.304
277.25
270.379
268.353
271.953
262.925
251.65
269.167
296.821
301.213
315.867
331.621
327.421
322.167
319.967
320.421
298.967
290.367
276.013
271.113
273.821
250.613
243.813
240.567
244.821
242.367
241.613
259.521
252.467
245.767
225.713
220.067
221.267
225.713
236.313
257.967
268.367
279.867
287.313
310.167
327.521
327.867
328.713
338.467
337.921
320.013
322.113
336.567
342.221
325.167
327.467
330.967
337.321
321.767
314.413
326.967
327.967
321.867
319.613
330.667
337.421
331.267
336.667
358.167
369.338
375.455
368.472
389.651
403.068
415.222
403.722
421.122
444.322
439.422
439.622
460.222
464.022
451.022
449.422
449.222
461.322
441.722
445.922
470.922
481.022
479.222
466.222
466.522
469.722
467.322
477.422
476.922
492.922
485.822
489.622
517.922
526.922
520.522
507.322
521.522
532.722
537.122
535.922
551.522
565.522
564.522
571.822
585.822
589.122
576.522
578.022
588.522
590.822
594.022
590.222
604.922
612.922
602.822
612.422
614.622
621.022
608.522
609.322
637.622
653.722
651.922
667.422
700.922
720.522
716.622
718.022
736.722
743.022
735.822
745.822
767.722
771.522
765.022
772.122
801.522
818.822
832.722
888.122
915.322
1008.92
1057.82
1102.32
1145.42
1170.62
1202.32
1244.22
1301.52
1334.92
1356.72
1369.22
1391.92
1391.72
1392.02
1402.52
1410.82
1425.92
1403.82
1397.62
1401.42
1394.02
1388.02
1362.82
1336.22
1300.32
1265.62
1247.52
1230.72
1207.12
1168.02
1139.32
1130.72
1126.02
1116.72
1101.22
1100.12
1103.32
1091.92
1101.62
1101.32
1105.32
1094.52
1094.02
1100.92
1103.42
1096.02
1092.62
1091.92
1098.22
1083.72
1080.52
1088.72
1095.82
1086.82
1080.82
1089.62
1092.12
1083.02
1081.22
1089.62
1091.42
1082.72
1079.52
1077.62
1087.02
1086.52
1076.92
1078.82
1088.22
1076.82
1077.62
1090.42
1092.22
1083.02
1084.52
1096.52
1105.52
1113.12
1094.92
1087.62
1087.72
1089.22
1082.62
1089.32
1089.52
1089.82
1082.82
1091.52
1092.12
1085.32
1086.72
1093.62
1097.02
1084.12
1087.22
1090.02
1101.12
1102.42
1088.12
1099.52
1096.32
1097.82
1094.52
1091.32
1097.42
1094.12
1096.32
1100.02
1098.52
1092.32
1087.62
1096.72
1102.42
1088.62
1095.42
1094.22
1100.42
1093.52
1090.72
1108.62
1100.32
1099.12
1098.82
1101.92
1101.02
1098.12
1107.42
1107.22
1106.62
1096.42
1101.62
1121.72
1117.52
1111.52
1101.52
1112.12
1119.92
1114.22
1118.12
1122.42
1129.32
1109.72
1109.02
1107.52
1114.32
1136.12
1136.82
1141.52
1152.82
1151.42
1155.32
1162.52
1161.02
1161.92
1153.22
1149.72
1162.72
1164.42
1161.62
1168.62
1165.52
1166.02
1164.42
1179.32
1173.22
1172.22
1185.12
1190.82
1211.12
1218.72
1224.42
1239.52
1240.02
1247.72
1251.32
1260.72
1258.32
1253.02
1253.82
1257.62
1259.12
1251.12
1245.42
1255.12
1240.82
1228.22
1228.82
1238.92
1236.42
1225.42
1228.32
1230.82
1231.92
1223.52
1224.32
1234.52
1232.42
1230.92
1232.42
1240.02
1240.52
1229.42
1241.12
1241.82
1245.42
1240.32
1240.42
1249.42
1250.82
1241.12
1239.22
1242.82
1237.92
1225.82
1217.52
1202.92
1195.72
1198.62
1203.52
1207.62
1218.62
1222.82
1227.32
1211.52
1175.82
1144.32
1133.62
1135.62
1133.82
1122.92
1117.92
1112.62
1115.22
1108.72
1117.72
1140.22
1150.52
1147.32
1156.32
1177.92
1184.02
1176.62
1177.02
1184.22
1194.42
1200.92
1201.12
1200.12
1191.12
1194.82
1194.72
1208.72
1204.02
1190.42
1182.62
1177.62
1185.82
1179.62
1188.22
1198.32
1194.92
1191.32
1186.62
1194.32
1189.22
1187.82
1177.92
1184.22
1194.62
1188.12
1197.62
1198.32
1201.52
1207.52
1204.52
1214.22
1203.12
1195.92
1195.62
1206.52
1215.22
1207.82
1204.82
1201.92
1202.72
1191.32
1190.32
1212.22
1210.22
1207.12
1196.92
1199.42
1200.82
1194.72
1204.22
1204.02
1202.52
1193.12
1191.42
1194.22
1203.32
1197.82
1190.92
1194.72
1190.62
1178.52
1177.02
1175.52
1177.62
1173.12
1162.42
1162.02
1171.42
1162.02
1161.52
1163.92
1163.12
1163.22
1165.52
1166.72
1162.72
1158.52
1165.42
1168.12
1174.02
1175.82
1169.32
1162.22
1156.72
1150.92
1153.92
1169.12
1166.52
1164.62
1171.42
1171.42
1178.42
1168.52
1179.02
1191.82
1189.22
1187.02
1181.62
1179.92
1168.22
1164.12
1166.52
1176.92
1182.62
1171.32
1175.62
1173.92
1178.72
1168.12
1161.02
1174.22
1166.92
1161.42
1158.42
1166.92
1172.52
1167.72
1181.82
1183.32
1187.32
1180.62
1180.02
1189.32
1186.12
1173.62
1176.12
1188.92
1192.02
1201.12
1210.52
1201.82
1189.92
1182.22
1186.22
1197.22
1199.92
1195.62
1196.52
1199.32
1193.12
1185.42
1183.92
1188.12
1185.32
1173.22
1178.22
1181.82
1185.52
1176.52
1181.02
1190.72
1189.12
1181.52
1183.32
1186.42
1178.62
1170.12
1177.32
1181.22
1182.12
1179.02
1192.82
1200.12
1198.72
1193.92
1189.02
1193.32
1193.12
1189.32
1192.72
1188.52
1193.32
1190.52
1204.12
1209.52
1205.52
1192.72
1203.42
1213.62
1212.72
1199.52
1199.62
1204.72
1205.82
1193.52
1202.42
1210.32
1216.22
1209.32
1206.92
1214.62
1197.52
1200.22
1195.02
1215.02
1217.82
1208.02
1218.72
1233.32
1256.82
1244.52
1226.62
1231.02
1230.52
1221.12
1222.22
1230.52
1230.02
1226.62
1237.02
1238.52
1234.82
1224.52
1224.42
1238.42
1235.92
1216.42
1220.12
1231.82
1232.82
1225.62
1234.42
1237.92
1236.12
1226.72
1227.22
1227.92
1230.92
1226.32
1227.02
1228.22
1221.22
1221.32
1221.02
1225.82
1222.02
1223.22
1233.82
1233.42
1232.92
1229.62
1235.92
1240.52
1235.52
1234.62
1243.22
1245.82
1236.82
1235.02
1234.82
1233.82
1227.22
1220.22
1229.12
1233.82
1235.62
1232.92
1237.82
1237.62
1249.32
1245.72
1249.62
1247.42
1238.72
1239.62
1239.62
1249.22
1241.12
1240.72
1239.52
1243.22
1242.62
1233.72
1242.32
1243.42
1228.82
1222.02
1223.42
1241.12
1248.52
1243.02
1241.22
1249.72
1248.82
1237.42
1233.32
1241.62
1238.52
1238.62
1238.12
1243.12
1231.62
1235.32
1237.02
1246.22
1247.72
1245.12
1252.42
1250.42
1249.22
1247.32
1258.92
1273.42
1262.02
1257.02
1258.62
1272.42
1275.62
1271.62
1275.92
1277.82
1271.52
1266.72
1268.82
1266.92
1275.12
1270.62
1271.32
1281.52
1276.02
1265.32
1262.92
1277.32
1274.62
1271.52
1276.22
1275.92
1278.32
1273.82
1270.02
1275.82
1272.42
1257.62
1259.82
1281.12
1273.62
1262.92
1272.52
1281.02
1288.02
1272.32
1281.12
1285.52
1284.42
1283.02
1271.82
1279.42
1273.52
1272.82
1274.62
1270.22
1270.92
1263.82
1268.82
1262.92
1260.92
1256.82
1258.92
1264.22
1259.62
1260.82
1260.62
1272.52
1273.82
1263.72
1275.52
1276.12
1274.02
1268.82
1271.02
1274.42
1262.22
1269.82
1276.82
1291.32
1291.42
1288.32
1305.22
1306.92
1298.52
1289.62
1298.22
1308.82
1305.62
1299.92
1304.52
1311.52
1304.92
1294.42
1305.72
1306.12
1297.62
1288.22
1295.32
1303.72
1294.12
1284.72
1293.22
1296.82
1297.42
1292.42
1294.32
1306.02
1298.02
1292.02
1297.82
1298.02
1294.62
1287.02
1292.62
1296.52
1290.82
1293.72
1300.92
1304.82
1304.12
1296.92
1296.02
1305.72
1299.92
1298.22
1307.32
1304.92
1307.82
1298.62
1300.22
1300.92
1297.12
1296.42
1291.72
1297.62
1288.82
1287.62
1297.62
1298.42
1301.62
1297.42
1298.02
1289.32
1272.72
1277.22
1277.92
1291.42
1298.02
1295.32
1293.12
1291.72
1299.32
1290.72
1292.02
1301.32
1293.12
1293.42
1294.32
1302.62
1299.92
1301.32
1297.72
1305.52
1307.72
1303.62
1307.42
1304.72
1302.92
1296.62
1296.32
1299.02
1295.72
1297.82
1299.52
1305.22
1299.72
1291.92
1299.72
1301.92
1298.92
1290.42
1295.02
1300.62
1291.32
1284.12
1292.92
1301.52
1303.52
1294.82
1298.02
1313.22
1306.02
1299.22
1301.02
1299.92
1308.72
1298.52
1303.62
1308.12
1305.12
1306.62
1313.42
1312.82
1303.32
1304.62
1301.62
1300.72
1286.52
1285.92
1298.42
1300.52
1302.22
1287.22
1293.02
1293.92
1295.12
1288.82
1288.82
1300.22
1295.12
1295.12
1304.82
1318.82
1340.52
1320.02
1293.22
1286.42
1272.42
1259.22
1267.32
1298.22
1291.12
1271.52
1275.02
1295.12
1299.42
1289.72
1290.82
1299.72
1291.42
1293.22
1297.02
1303.72
1292.72
1293.82
1290.92
1294.42
1290.82
1289.62
1306.32
1308.52
1307.22
1296.92
1296.42
1305.62
1303.62
1300.62
1297.82
1300.52
1296.62
1292.32
1295.42
1299.02
1298.32
1298.22
1300.22
1298.92
1288.02
1292.12
1301.52
1305.32
1296.32
1294.42
1291.42
1290.52
1293.42
1289.52
1295.52
1304.52
1300.42
1289.42
1291.32
1300.92
1298.12
1295.72
1294.82
1297.52
1289.02
1288.02
1298.72
1299.92
1296.52
1287.92
1291.92
1297.62
1298.72
1287.22
1282.82
1300.22
1294.42
1290.62
1298.72
1298.82
1291.32
1287.32
317.267
