0
0.0542236
10.6591
47.1352
154.816
261.063
367.014
459.422
512.422
598.422
661.422
686.351
512.096
185.527
33.7338
0
0
0
0
0
0
0
0
14.2338
73.5436
161.362
267.409
233.216
87.8387
6.55422
0
0
0
0
0
0
0
0
0
0
0
0
0
0
0
0
0
0
0
0
0
0
0
0
0
0
0
0
0
0
0
0
0
0
0
0
0
0
0
0
0
0
0
0
0
0
0
0
0
0
0
0
0
0
0
0
0
0
0
0
0
0
0
0
0
0
0
0
0
0
0
0
0
0
0
0
0
0
0
0
0
0
0
0
0
0
0
0
0
0
0
0
0
0
0
0
0
0
0
0
0
0
0
0
0
0
0
0
0
0
0
0
0
0
0
0
0
0
0
0
0
0
0
0
0
0
0
0
0
0
0
0
0
0
0
0
0
0
0
0
0
0
0
0
0
0
0
5.26267
33.0676
117.64
273.784
462.06
635.622
773.522
880.822
957.922
1033.72
1076.42
1098.12
1094.92
1096.92
1093.72
1106.12
1113.02
1112.62
1122.32
1126.62
1127.42
1118.02
1125.52
1128.22
1119.52
1118.82
1122.22
1128.32
1126.02
1116.52
1133.02
1134.72
1138.82
1126.82
1122.72
1124.52
1126.82
1118.52
1111.42
1112.62
1104.32
1106.62
1115.32
1116.92
1119.32
1107.12
1101.42
1110.22
1110.72
1100.92
1106.12
1103.92
1113.92
1105.82
1109.32
1103.52
1118.82
1116.22
1117.72
1120.82
1125.12
1121.72
1126.62
1138.02
1130.82
1116.72
1117.62
1117.32
1126.12
1129.12
1122.22
1115.92
1116.02
1115.32
1125.12
1128.12
1115.62
1114.62
1115.62
1123.72
1119.12
1113.42
1118.02
1120.02
1111.92
1112.72
1116.82
1119.12
1120.02
1120.92
1115.02
1121.82
1119.32
1112.72
1118.82
1125.32
1127.92
1110.82
1117.62
1127.72
1121.12
1119.62
1116.52
1127.42
1120.12
1117.02
1118.62
1125.12
1120.62
1109.32
1121.52
1125.92
1127.02
1129.12
1126.92
1136.92
1124.02
1118.02
1118.32
1127.52
1150.12
1138.82
1134.12
1126.52
1124.92
1138.92
1173.42
1178.12
1163.62
1147.02
1151.62
1156.42
1167.32
1161.22
1172.32
1173.22
1175.02
1169.12
1167.62
1166.82
1169.72
1168.82
1173.32
1178.92
1176.72
1173.02
1175.92
1176.22
1172.72
1179.02
1182.22
1182.32
1181.42
1173.82
1177.92
1179.92
1174.62
1175.02
1186.42
1195.72
1193.12
1189.02
1192.52
1196.82
1203.82
1210.82
1222.52
1217.42
1212.72
1212.82
1204.42
1208.32
1203.32
1199.02
1208.92
1221.12
1230.72
1229.22
1233.62
1244.02
1240.22
1245.02
1216.32
1208.82
1232.92
1237.82
1240.82
1237.12
1239.52
1235.32
1239.22
1236.82
1226.32
1227.32
1229.92
1238.62
1234.82
1226.12
1239.52
1245.52
1246.42
1230.82
1223.42
1224.92
1220.02
1226.22
1233.02
1238.72
1226.52
1231.22
1230.22
1242.72
1237.62
1226.92
1226.62
1234.22
1238.92
1237.72
1240.32
1248.72
1250.02
1245.52
1251.42
1259.12
1251.22
1240.52
1244.82
1256.52
1257.22
1252.92
1255.32
1253.92
1242.62
1241.72
1245.42
1254.82
1252.52
1252.42
1255.42
1263.62
1265.92
1257.22
1264.42
1260.92
1252.72
1256.72
1264.62
1268.62
1256.22
1253.62
1256.22
1261.82
1253.52
1253.02
1261.32
1259.82
1256.42
1255.62
1244.62
1257.72
1249.92
1250.62
1254.12
1263.62
1250.72
1247.22
1255.02
1251.02
1253.12
1254.62
1255.72
1258.02
1264.22
1270.22
1268.92
1269.12
1273.12
1264.02
1273.82
1272.22
1270.22
1262.62
1262.22
1261.32
1248.92
1246.12
1248.02
1254.52
1252.82
1253.62
1257.02
1265.62
1259.22
1249.72
1254.22
1261.82
1256.22
1245.22
1247.42
1260.42
1262.82
1258.62
1262.02
1265.32
1262.02
1259.42
1262.72
1265.32
1261.12
1258.92
1268.42
1274.62
1263.72
1259.62
1258.02
1266.62
1267.32
1268.62
1268.72
1280.82
1275.02
1264.42
1261.62
1261.32
1254.42
1255.12
1254.32
1253.92
1257.42
1256.72
1256.72
1261.22
1248.62
1248.22
1264.32
1268.92
1264.32
1250.72
1258.02
1260.92
1252.22
1250.72
1251.12
1264.32
1271.22
1258.62
1262.52
1259.92
1255.12
1264.92
1282.72
1272.52
1258.62
1255.92
1254.32
1264.52
1255.72
1250.12
1246.22
1258.22
1263.22
1257.02
1256.82
1259.22
1249.62
1250.72
1255.92
1259.52
1249.52
1240.62
1241.22
1252.92
1256.72
1253.12
1261.72
1260.72
1254.02
1242.52
1251.42
1267.62
1263.42
1254.72
1252.02
1252.62
1256.82
1250.32
1253.12
1250.12
1247.92
1238.72
1242.62
1251.02
1248.82
1244.32
1252.92
1252.62
1246.22
1243.12
1246.72
1253.42
1250.02
1249.82
1248.92
1252.62
1248.02
1243.42
1240.22
1250.32
1244.02
1242.02
1253.82
1255.82
1248.12
1236.92
1234.22
1251.82
1257.62
1249.12
1245.52
1251.12
1247.52
1242.02
1248.32
1255.32
1261.22
1254.62
1253.22
1248.22
1237.12
1236.32
1235.42
1243.72
1241.02
1225.52
1209.92
1210.72
1218.82
1232.02
1247.82
1247.12
1242.52
1243.72
1243.82
1249.92
1234.12
1229.72
1229.22
1238.52
1234.42
1229.42
1235.42
1242.32
1233.72
1231.82
1237.42
1246.42
1242.92
1241.12
1239.82
1243.02
1234.02
1226.92
1243.82
1247.52
1246.12
1239.42
1241.52
1244.62
1235.92
1237.42
1238.72
1243.32
1237.12
1236.32
1245.62
1248.32
1237.42
1233.82
1240.22
1259.22
1258.22
1248.22
1249.02
1249.12
1236.32
1233.22
1235.42
1242.72
1232.82
1234.92
1243.32
1242.02
1230.32
1226.52
1232.52
1255.22
1248.72
1248.62
1248.62
1252.72
1242.42
1241.42
1247.82
1246.12
1249.72
1245.12
1253.02
1252.42
1250.92
1250.12
1253.02
1232.92
1228.52
1237.62
1251.02
1256.02
1251.92
1241.72
1259.42
1258.12
1252.42
1242.12
1247.72
1253.22
1235.52
1238.82
1241.62
1247.72
1238.82
1231.22
1243.02
1252.92
1251.62
1241.02
1243.42
1250.82
1242.12
1251.22
1251.12
1253.62
1247.12
1242.42
1248.32
1245.62
1240.02
1235.72
1245.52
1252.02
1252.42
1245.22
1242.72
1245.42
1237.92
1235.42
1252.92
1253.52
1242.62
1234.72
1240.02
1243.92
1235.32
1236.32
1247.22
1250.52
1237.92
1235.72
1244.52
1243.22
1235.42
1237.72
1238.52
1250.82
1255.72
1250.32
1256.42
1254.72
1245.12
1247.32
1241.42
1233.22
1231.32
1233.52
1242.82
1244.42
1243.92
1245.52
1243.02
1250.02
1251.92
1248.82
1248.22
1252.72
1239.02
1241.92
1250.92
1253.32
1250.12
1240.22
1247.62
1243.52
1245.82
1242.32
1246.22
1248.82
1240.92
1241.02
1249.02
1247.02
1236.02
1228.22
1241.72
1250.52
1252.32
1243.62
1245.92
1254.02
1243.02
1240.42
1243.82
1245.12
1236.32
1238.72
1244.82
1243.72
1237.62
1233.62
1246.62
1257.12
1249.52
1247.22
1242.02
1241.92
1234.82
1234.42
1252.82
1255.12
1246.62
1247.72
1251.72
1247.42
1250.62
1243.52
1250.32
1251.92
1244.12
1242.82
1248.92
1244.42
1244.12
1240.82
1251.72
1254.52
1251.42
1228.42
1224.62
1237.72
1236.12
1232.42
1238.12
1239.82
1240.02
1230.22
1235.72
1234.72
1232.52
1234.32
1236.02
1241.92
1240.92
1236.32
1242.52
1246.12
1244.02
1232.82
1240.32
1235.42
1235.52
1226.92
1231.22
1237.12
1225.82
1232.32
1236.52
1236.42
1234.02
1230.02
1232.32
1227.22
1229.72
1230.62
1238.62
1241.12
1225.52
1220.02
1222.72
1220.02
1213.92
1215.02
1228.12
1216.12
1220.62
1226.22
1231.12
1221.22
1202.82
1199.52
1216.12
1226.92
1220.52
1215.32
1218.22
1211.82
1197.92
1199.12
1210.12
1211.72
1204.32
1203.32
1202.52
1199.82
1193.22
1203.22
1216.12
1214.02
1200.12
1192.62
1188.52
1196.72
1200.52
1195.92
1208.52
1211.62
1203.22
1200.12
1208.12
1211.92
1201.62
1203.02
1206.32
1202.82
1199.72
1187.92
1193.32
1190.52
1181.22
1178.42
1176.82
1179.42
1179.22
1190.32
1193.52
1184.92
1171.12
1172.72
1183.22
1197.72
1186.62
1178.02
1169.62
1166.22
1161.12
1166.02
1168.02
1167.22
1155.32
1145.52
1153.42
1161.12
1157.82
1158.92
1163.52
1169.22
1155.12
1140.22
1146.92
1147.22
1134.62
1131.02
1143.82
1139.92
1142.62
1145.82
1152.02
1146.42
1140.72
1119.72
1119.22
1119.62
1121.12
1128.92
1141.32
1141.62
1138.52
1139.72
1148.92
1148.72
1143.52
1147.92
1158.12
1153.32
1145.02
1143.82
1149.62
1146.32
1139.22
1139.82
1138.12
1143.32
1132.02
1132.12
1130.12
1124.52
1125.82
1118.82
1124.02
1119.52
1119.22
1117.92
1114.02
1120.52
1119.12
1118.22
1295.82
