3965.94
3888.94
3878.04
3987.84
4069.04
4064.94
4073.94
4143.54
4265.24
4330.24
4234.94
4174.64
4145.54
4113.84
4162.74
4230.04
4222.54
4226.74
4258.54
4363.24
4426.34
4400.24
4394.44
4342.84
4346.94
4397.74
4397.54
4417.64
4392.24
4406.34
4533.74
4604.74
4569.24
4497.64
4454.74
4457.24
4454.64
4448.54
4466.94
4457.34
4441.04
4458.04
4419.04
4451.64
4448.64
4440.14
4495.44
4486.34
4540.34
4579.24
4555.74
4579.14
4609.44
4594.24
4629.04
4636.64
4641.14
4709.94
4736.74
4796.24
4800.94
4789.04
4823.34
4826.84
4803.24
4805.04
4791.64
4798.04
4838.44
4898.44
5002.04
5018.34
5039.24
5065.24
5097.84
5154.04
5148.84
5098.04
5107.34
5096.44
5109.34
5173.74
5152.94
5315.04
5962.84
6300.54
6357.84
6097.24
5943.34
5726.84
5488.24
5434.24
5394.44
5314.24
5270.34
5253.74
5303.14
5351.84
5305.64
5251.24
5198.04
5165.74
5191.74
5165.64
5122.34
5153.54
5167.94
5210.64
5200.44
5147.64
5152.64
5150.54
5194.04
5311.44
5327.64
5305.84
5296.14
5290.04
5343.64
5336.14
5298.24
5298.94
5265.04
5271.94
5286.14
5303.64
5341.14
5334.74
5329.04
5365.34
5343.34
5332.44
5323.04
5296.34
5337.04
5374.24
5376.64
5400.04
5421.44
5469.84
5471.44
5409.64
5405.54
5388.54
5366.14
5398.64
5426.44
5529.84
5506.44
5458.74
5494.74
5530.74
5550.54
5510.84
5455.74
5432.44
5469.34
5512.44
5603.44
5578.04
5514.34
5558.54
5586.44
5646.74
5603.74
5539.34
5517.84
5491.24
5566.44
5665.14
5692.14
5701.44
5694.34
5671.44
5698.74
5644.14
5639.54
5705.94
5688.44
5694.14
5643.94
5608.94
5689.64
5761.94
5777.14
5740.64
5712.14
5752.24
5796.44
5758.64
5750.34
5718.84
5679.54
5730.04
5804.84
5814.24
5784.84
5735.64
5753.14
5753.94
5751.94
5750.64
5725.34
5748.44
5765.44
5762.94
5790.54
5768.64
5742.84
5761.44
5765.54
5801.34
5829.64
5805.14
5812.04
5807.74
5807.04
5831.64
5810.94
5818.94
5816.94
5809.74
5863.84
5875.84
5856.14
5877.34
5878.44
5910.64
5927.54
5902.44
5915.14
5910.74
5913.54
5954.34
5966.24
5975.64
5969.24
5972.64
6043.14
6050.94
6017.34
6030.74
5985.94
6047.04
6130.74
6112.14
6100.54
6072.14
6105.74
6170.44
6304.34
6963.84
7451.54
7407.34
7253.74
7081.44
6859.84
6699.94
6560.94
6519.94
6498.04
6412.64
6329.34
6222.44
6146.74
6130.04
6112.94
6104.94
6100.84
6079.94
6159.24
6235.44
6266.54
6241.04
6176.74
6125.34
6138.14
6190.74
6316.54
6332.44
6279.04
6272.94
6246.54
6232.54
6154.94
6095.74
6124.34
6106.04
6174.74
6301.84
6307.44
6299.04
6262.84
6223.04
6243.84
6242.04
6213.14
6176.24
6163.74
6215.94
6308.14
6323.84
6337.74
6303.74
6293.94
6271.64
6225.44
6216.64
6185.94
6140.84
6205.64
6297.14
6340.14
6341.24
6287.04
6324.94
6391.44
6366.14
6362.64
6308.24
6293.14
6330.94
6388.44
6433.74
6407.54
6353.74
6404.04
6476.74
6465.24
6428.34
6372.64
6344.44
6331.04
6299.54
6319.14
6293.04
6332.44
6406.84
6385.64
6356.64
6350.54
6298.74
6322.74
6286.74
6294.54
6309.64
6271.54
6299.04
6271.44
6272.14
6308.24
6262.34
6271.04
6284.74
6231.94
6198.14
6208.64
6214.04
6258.24
6266.14
6264.24
6286.94
6255.24
6291.04
6323.24
6375.54
6456.84
6440.04
6372.14
6373.84
6356.04
6331.74
6319.84
6252.04
6280.64
6316.94
6355.44
6419.74
6398.84
6362.84
6363.74
6341.04
6341.14
6310.44
6248.64
6280.44
6304.34
6357.64
6435.44
6419.74
6398.84
6369.84
6343.44
6367.64
6289.94
6238.34
6170.14
6168.94
6239.64
6256.44
6299.94
6333.74
6331.44
6326.24
6359.34
6316.84
6242.94
6152.64
6161.34
6265.94
6311.24
6251.44
6237.54
6277.64
6489.04
6580.94
6596.04
6643.34
6609.74
6584.44
6546.64
6508.94
6589.44
6733.14
6753.44
6724.24
6632.94
6624.54
6672.84
6642.74
6642.44
6579.54
6524.24
6646.34
6790.44
6892.04
6829.44
6723.64
6742.74
6772.64
6821.34
6791.24
6703.94
6664.74
6707.44
6796.04
6925.64
6885.54
6763.54
6755.84
6816.34
6844.44
6820.64
6697.94
6671.64
6653.64
6614.14
6550.34
6380.34
6343.34
6329.44
6473.24
6579.64
6591.14
6620.04
6607.84
6575.94
6663.04
6815.54
6777.14
6734.24
6648.74
6602.14
6671.74
6822.74
6933.14
6926.54
6839.84
6866.54
6943.54
6967.44
6916.74
6832.74
6869.44
6973.94
6959.54
6893.14
6794.54
6706.84
6738.84
6910.64
6912.64
6871.34
6953.64
7160.44
7092.24
6955.64
6887.54
6810.74
6880.94
7038.04
7100.34
7066.04
7095.54
7176.54
7240.84
7178.04
7088.34
6965.94
6848.74
6912.94
7084.84
7141.84
7067.94
6993.04
7052.64
7174.14
7131.24
7062.64
6924.34
6827.94
6908.84
7076.24
7235.54
7169.14
7060.04
7098.04
7202.24
7216.14
7166.74
7021.34
6946.14
6972.24
7094.84
7266.54
7249.14
7136.14
7232.44
7530.04
7683.14
7630.14
7398.74
7187.74
7120.94
7162.44
7352.94
7355.54
7171.34
7099.04
6945.64
6909.24
6825.34
6742.14
6739.44
6801.04
6930.44
7277.94
7342.74
7242.04
7146.64
7186.54
7253.84
7014.34
6757.34
6618.74
6584.04
6630.64
6573.04
6493.34
6502.54
6505.54
6479.04
6391.64
6252.94
6297.84
6357.24
6419.24
6546.64
6908.04
7099.54
7106.54
7033.94
6996.94
7006.44
7194.74
7419.84
7434.54
7255.54
7125.84
6954.94
6894.74
6829.14
6754.94
6864.44
7098.54
7244.64
7235.04
7128.04
7065.54
6949.34
6685.94
6602.84
6630.54
6663.14
6662.84
6544.24
6563.24
6601.74
6659.54
6722.44
6703.14
6559.34
6459.14
6476.74
6607.54
6729.74
6900.64
7189.54
7273.24
7161.34
7155.84
7246.34
7402.24
7355.44
7218.44
7150.14
7034.14
6816.34
6742.44
6724.34
6733.74
6804.34
7017.24
7229.04
7289.54
7182.94
7126.24
7026.04
6884.34
6733.24
6665.04
6714.04
6773.34
6914.54
7166.44
7251.04
7220.74
7136.94
7086.94
7212.04
7422.64
7606.64
7547.24
7423.34
7458.14
7596.84
7672.74
7552.04
7399.64
7234.74
7069.24
6826.04
6762.54
6826.04
6852.94
6810.04
6701.04
6692.74
6735.54
6747.54
6772.74
6676.84
6523.24
6485.34
6546.74
6672.54
6684.14
6580.44
6579.84
6617.44
6667.74
6767.64
6755.84
6559.34
6443.94
6447.94
6596.64
6599.94
6525.74
6437.74
6525.74
6617.24
6740.44
6848.44
7003.84
7285.34
7567.34
7610.84
7528.34
7689.14
7899.44
7918.14
7746.04
7573.84
7346.44
7111.34
6827.54
6734.44
6791.94
6782.14
6624.94
6476.84
6484.64
6605.74
6677.64
6762.54
6713.14
6488.64
6462.14
6567.24
6637.34
6588.54
6489.64
6503.04
6621.64
6735.24
6824.34
6793.34
6554.54
6492.94
6579.94
6913.74
7129.34
7280.64
7310.14
7237.54
7076.24
6964.74
6923.44
6925.84
6965.74
6913.44
6778.54
6593.74
6570.34
6712.24
6832.54
7094.64
7411.74
7652.84
7758.24
7902.34
7829.34
7643.34
7143.74
7011.74
7045.54
7012.34
6899.54
6707.74
6713.74
6952.64
7424.24
7568.34
7476.24
7133.64
6946.34
6981.14
6932.14
6787.04
6604.24
6571.84
6697.94
6813.24
7071.64
7317.54
7576.54
7589.34
7474.34
7332.34
7204.74
6882.84
6756.64
6797.74
6869.64
6977.54
7292.34
7552.14
7626.04
7512.94
7418.44
7200.04
6934.14
6782.14
6784.24
6803.34
6978.34
7288.54
7656.44
7714.74
7580.64
7470.74
7304.34
6914.04
6784.64
6775.44
6846.44
6948.04
7359.64
7609.04
7679.44
7676.34
7754.04
7721.84
7594.84
7344.04
7020.84
6907.54
6933.24
6923.44
6838.04
6630.64
6601.44
6616.34
6714.34
6941.74
7408.54
7582.74
7581.24
7462.94
7362.44
7351.44
7452.24
7825.44
7925.34
7794.44
7762.34
7893.84
8045.54
7797.24
7509.24
7456.94
7678.14
7905.24
7845.84
7703.04
7572.54
7549.24
7689.54
7921.14
7979.14
7841.04
7752.74
7534.34
7355.74
7015.14
6947.54
7013.04
7080.24
7226.54
7588.24
7775.94
7651.64
7612.54
7691.94
7954.24
7989.84
7829.64
7703.04
7511.24
7240.74
7015.04
6902.94
6948.14
6994.24
7206.54
7520.14
7707.84
7627.44
7546.94
7435.24
7355.64
7052.84
6908.34
6988.14
7028.84
7042.94
6954.74
6810.24
6713.04
6801.64
6802.04
6670.84
6459.94
6458.04
6623.74
6697.04
6606.14
6476.14
6495.44
6634.74
6783.64
7062.04
7402.24
7603.14
7595.04
7505.54
7415.34
7224.04
6966.54
6898.14
6956.44
6984.74
7153.74
7615.04
7780.44
7758.54
7657.64
7557.44
7370.64
7136.84
6999.44
7024.54
7047.74
7170.54
7499.64
7762.34
7742.04
7614.14
7528.84
7356.54
7114.04
6945.54
6935.34
7005.34
7111.04
7398.44
7723.04
7773.44
7663.34
7619.14
7464.54
7184.84
7016.74
7029.54
7106.94
7081.64
6920.34
6773.54
6864.94
6951.54
7042.44
7214.54
7646.04
7741.74
7614.64
7435.04
7101.74
7008.24
7057.14
7115.64
7199.74
7503.74
7726.54
7611.54
7269.44
6977.54
6777.94
6792.64
6851.54
6936.54
6946.14
6945.74
6727.64
6677.74
6749.84
6967.14
7204.54
7532.14
7774.84
7813.14
7741.54
7616.34
7432.74
7104.24
6981.84
7036.14
7074.44
6999.54
6816.14
6787.84
6911.44
7023.04
7075.34
6997.74
6820.14
6720.84
6813.34
6824.94
7666.44
