968.042
964.942
952.142
954.342
955.742
956.342
946.342
951.742
952.142
942.842
947.942
948.042
957.642
950.942
944.942
954.242
950.742
950.042
944.842
951.742
954.342
939.942
950.242
948.942
952.242
940.342
933.942
944.442
949.742
937.742
929.342
936.942
939.342
928.442
916.442
901.342
862.942
792.542
736.142
760.542
827.042
818.742
748.742
704.442
680.642
651.342
644.942
661.542
657.942
639.042
624.342
608.342
589.042
583.542
567.242
553.642
519.842
484.242
397.942
362.342
353.742
329.142
301.879
289.289
277.845
260.927
254.227
254.536
249.181
238.727
238.381
237.481
245.281
231.627
221.773
220.055
216.646
219.464
222.781
212.581
217.481
216.027
216.381
222.736
234.136
259.181
288.827
340.336
363.708
378.707
389.533
412.042
448.742
467.542
499.242
524.642
527.142
523.542
541.342
572.342
589.142
589.942
596.242
606.042
608.542
599.142
607.542
618.842
619.442
612.442
607.742
612.842
605.542
596.742
604.742
606.942
614.742
606.442
612.342
620.742
623.342
618.942
622.442
626.442
628.142
612.542
622.942
621.842
623.842
612.042
604.342
616.342
609.542
607.942
601.242
613.242
616.442
602.242
603.542
612.742
612.242
601.142
599.142
609.842
606.142
608.842
608.142
606.742
616.042
607.742
608.842
608.542
607.142
608.242
628.442
643.642
629.242
605.842
602.642
608.142
602.142
581.242
566.642
546.342
516.642
470.242
422.942
410.842
397.942
388.842
392.442
395.142
386.342
387.542
375.742
384.342
378.842
371.142
371.233
381.189
372.345
365.627
366.327
380.136
379.736
380.036
372.181
373.381
386.236
380.281
373.081
373.536
371.236
355.627
353.927
361.081
371.136
368.281
373.181
377.036
377.036
372.381
378.581
384.036
384.536
381.181
390.245
389.462
385.317
386.317
383.471
377.454
363.481
365.581
361.227
365.881
366.936
353.227
358.981
355.954
351.971
340.789
343.607
340.489
327.017
326.326
319.18
324.826
318.171
319.198
317.833
315.442
319.342
304.942
304.542
315.142
317.942
303.542
311.642
315.742
312.142
295.142
294.042
304.942
304.142
296.342
298.342
307.542
305.642
293.442
300.542
298.742
294.787
280.415
287.789
285.162
285.154
272.227
274.827
288.236
283.981
276.027
280.381
285.836
278.281
269.327
273.181
279.736
277.681
271.827
274.681
276.536
263.481
253.427
260.281
268.736
261.681
248.327
246.481
248.936
241.581
245.681
246.681
243.881
240.881
234.427
237.381
236.581
241.436
222.127
226.081
237.236
232.581
222.527
221.281
216.581
210.981
200.427
201.181
206.636
210.636
201.227
199.681
189.636
174.081
165.564
162.083
171.639
174.875
168.967
174.875
175.775
169.267
170.267
169.767
180.575
173.767
173.467
173.667
179.575
179.375
168.267
174.975
178.275
176.775
166.267
170.875
173.775
167.667
167.067
170.575
171.075
171.675
159.167
157.875
156.975
150.967
150.667
144.558
137.549
148.867
171.302
171.956
155.584
149.975
141.367
147.375
148.575
143.367
142.467
140.867
144.175
136.167
135.967
143.975
142.375
135.875
128.367
131.367
134.175
120.067
119.367
126.567
133.975
127.775
117.567
119.275
118.575
114.875
106.267
107.667
112.593
114.211
110.111
100.975
100.075
107.528
108.2
111.946
116.128
112.093
109.521
117.475
122.375
117.467
112.867
114.375
117.475
120.775
115.667
118.775
119.775
118.175
111.067
117.675
121.375
116.867
116.367
117.075
118.475
114.667
114.167
118.875
117.375
113.967
114.167
119.675
119.275
111.867
108.767
110.067
114.675
110.567
107.667
113.075
114.975
113.075
106.867
107.467
106.312
100.949
105.058
110.775
109.775
104.767
105.667
110.975
108.775
107.275
106.275
102.567
105.775
106.175
103.567
101.467
100.275
94.5754
91.9665
102.675
102.475
95.1665
90.5665
91.8665
99.2754
92.9665
93.8665
93.9665
97.5754
91.0665
82.4856
86.1679
81.8958
82.2958
83.7135
83.6135
83.0958
83.0693
81.6605
80.8605
85.6149
84.5605
82.1061
85.4605
85.5605
85.2605
80.5061
82.9693
86.1958
83.2135
84.4223
84.4223
87.7033
84.3665
81.0665
84.9754
83.8665
81.8665
83.4665
86.1754
87.4754
84.5665
82.4665
83.0665
91.5754
88.2665
84.9665
88.6754
91.5754
91.2665
92.3665
95.7754
97.6754
94.6665
92.8665
95.0754
95.1754
92.4665
93.3665
98.3754
99.2754
94.4665
90.3665
91.6754
95.1754
97.1754
91.1665
89.4665
92.1754
83.5665
78.7665
86.7754
91.1754
94.5842
92.2298
92.1842
85.5298
77.3209
69.5665
68.1754
66.4754
61.4665
56.0665
49.2754
44.1754
42.3665
38.7489
34.9856
35.3489
35.0121
32.5489
32.4312
32.8223
27.6591
26.5958
27.9781
26.5605
26.5061
29.4605
29.6605
29.9605
29.3061
30.0605
32.0149
33.6605
36.1605
37.3061
40.6149
37.3605
35.7061
36.9061
39.7605
42.8149
40.9061
44.2605
47.4149
45.6605
44.8605
41.7061
42.8149
40.1605
38.5061
40.1061
42.5061
49.6149
51.4149
48.5061
49.6149
45.6605
44.1061
45.7605
44.8605
46.8149
45.1605
45.3605
49.0149
49.8149
47.6605
46.5061
50.4605
50.0605
44.5061
42.4605
40.9605
43.8149
44.0605
43.4605
41.6605
39.1605
40.0149
36.5061
36.3605
35.6149
31.6605
28.1061
29.4149
28.2149
27.5781
27.4958
26.787
24.4781
23.2958
19.9591
19.1223
19.4312
16.7033
15.8665
15.0944
14.6856
11.4312
10.1768
9.67676
8.49443
6.34001
5.33118
6.79443
8.85769
7.82234
5.47815
5.76931
7.62373
7.71489
7.86047
10.0149
10.4605
9.30606
9.36047
11.0149
11.3605
10.5061
11.6605
12.9605
13.0605
13.3061
15.0605
16.0149
16.0605
15.3061
15.6605
16.2605
18.0605
18.9061
20.8605
20.9061
24.4149
23.0605
22.3605
23.2605
25.3605
25.3061
28.5605
31.8149
31.0149
28.9605
30.0605
31.8149
30.9605
29.7061
31.5605
34.8149
34.1605
31.7061
31.5605
31.4605
32.1605
33.2605
31.7061
33.6149
34.0605
34.5061
36.0605
35.3605
34.8149
30.9061
32.0605
32.8149
31.0605
30.0605
27.7061
28.8149
26.0605
24.5061
23.7061
23.7605
26.4149
26.1061
26.7605
27.0149
25.6605
25.2605
22.5061
22.0149
20.9605
20.5061
20.1061
19.8605
20.2149
20.8605
22.4605
21.4149
18.4149
14.8605
12.9061
11.8605
9.46047
10.1061
12.1605
10.7605
8.61489
6.76047
3.33396
0.835352
0.108838
0
0
0
0
0
0
0
0
0
0
0.308838
1.08093
1.45303
1.20745
2.36187
4.58838
4.90605
4.16047
4.16047
4.90605
5.30605
6.16047
8.21489
8.56047
7.06047
6.86047
7.61489
7.46047
7.70605
8.50605
11.8149
13.6149
12.9605
12.7605
14.6149
15.6605
14.9061
13.6149
13.2149
14.5605
16.5061
18.4605
19.0149
17.9605
17.3061
18.8605
20.4149
18.5605
17.3061
19.1605
20.6149
20.1605
19.3061
19.3061
21.6149
22.0149
21.3605
20.5061
20.6149
17.5605
15.7061
16.0605
16.5605
18.3605
17.7061
17.6605
18.4149
18.8149
17.4605
15.2605
15.4149
15.7605
14.9061
14.0605
13.9605
14.3605
12.5061
11.5605
11.0149
10.0149
8.96047
8.16047
6.76047
4.86047
4.66047
4.40605
3.23396
1.23535
0
0
0
0
0
0
0
0
0
0
0
0
0
0
0
0
0
0
0
0
0
0
0
0
0
0
0
0
0
0
0
0
0.217676
0.489771
0.326514
0.0544189
0
0
0
0
0
0
0
0
0
0
0
0
0
0
0
0
0
0
0
0
0
0
0
0
0
0
0
0
0
0
0
0
0
0
0
0
0
0
0
0
0
0
0
0
0
0
0
0
0
0
0
0
0
0
0
0
0
0
0
0
0
0
0
0
0
0
0
0
0
0
0
0
0
0
0
0
0
0
0
0
0
0
0
0
0
0
0
0
0
0
0
0
0
0
0
0
0
0
0
0
0
0
0
0
0
0
0
0
0
0
0
0
0
0
0
0
0
0
0
0
0
0
0
0
0
0
0
0
0
0
0
0
0
0
0
0
0
0
0
0
0
0
0
0
0
0
0
0
0
0
0
0
0
0
0
0
0
0
0
0
0
0
0
795.442
