2312.84
2309.34
2281.54
2254.74
2236.74
2215.94
2187.14
2179.74
2177.64
2190.04
2177.44
2175.64
2180.34
2174.94
2157.14
2154.44
2171.44
2173.84
2154.24
2152.14
2154.74
2168.64
2155.24
2156.24
2163.34
2161.44
2167.54
2160.04
2170.04
2165.74
2152.64
2154.24
2160.84
2176.64
2158.34
2162.54
2173.84
2166.44
2167.54
2151.04
2161.84
2149.84
2137.74
2153.04
2158.84
2174.34
2153.34
2154.34
2143.74
2130.84
2111.84
2098.94
2068.84
2059.44
2018.14
2019.84
2015.54
2026.34
2012.04
1994.64
2014.24
2002.84
1999.34
1983.34
2000.94
2014.34
1987.24
1999.94
2007.44
2007.24
2008.64
1987.14
2012.04
2013.14
1983.74
1975.24
1985.54
1999.44
1991.34
2002.14
2012.34
2012.44
1995.64
1993.04
2016.04
2006.64
1995.84
1993.74
2012.04
2021.54
2018.84
1995.54
2006.34
2006.84
1999.44
2002.44
2013.54
2012.84
2000.14
2004.64
2024.34
2027.74
2013.94
2020.64
2023.94
2027.84
2025.24
2029.04
2045.24
2046.84
2037.94
2045.24
2056.14
2048.34
2038.44
2043.84
2068.04
2064.84
2049.74
2065.54
2091.74
2093.54
2088.34
2100.74
2115.54
2105.74
2093.44
2112.34
2203.24
2227.24
2169.74
2126.04
2112.44
2125.14
2102.84
2111.34
2135.84
2132.34
2115.84
2130.74
2134.44
2142.54
2125.24
2128.14
2135.64
2120.44
2117.44
2108.04
2104.54
2072.34
2062.94
2051.94
2068.54
2071.64
2055.34
2058.54
2068.14
2073.04
2064.74
2057.24
2069.24
2068.24
2083.34
2055.94
2058.14
2092.54
2086.74
2086.64
2078.84
2085.24
2070.64
2058.84
2081.24
2071.94
2075.64
2066.44
2080.94
2081.14
2079.74
2100.34
2107.14
2124.84
2117.34
2111.74
2135.94
2128.44
2131.74
2131.94
2140.94
2140.14
2128.34
2145.24
2156.34
2154.04
2133.24
2131.04
2154.14
2140.14
2138.84
2133.24
2145.34
2149.54
2143.04
2145.84
2155.34
2157.84
2148.34
2149.44
2167.24
2157.24
2165.24
2124.64
2122.04
2172.44
2171.74
2145.34
2162.94
2189.34
2187.14
2191.74
2221.54
2238.34
2239.74
2263.24
2305.94
2323.84
2316.44
2339.14
2347.84
2357.74
2358.44
2366.44
2378.84
2368.24
2385.24
2384.64
2395.64
2390.64
2375.04
2389.14
2393.24
2401.64
2391.34
2399.84
2406.34
2391.14
2388.54
2377.14
2382.94
2378.64
2372.74
2370.74
2374.64
2377.24
2365.64
2372.24
2369.34
2368.74
2373.24
2364.94
2372.44
2369.14
2372.64
2371.04
2391.14
2395.24
2385.54
2394.04
2397.74
2393.14
2378.04
2388.54
2402.94
2389.94
2390.84
2386.94
2402.44
2401.94
2399.04
2419.14
2433.54
2437.54
2442.14
2423.64
2441.24
2448.74
2442.64
2432.44
2437.34
2444.04
2432.04
2451.54
2457.34
2456.34
2441.44
2439.24
2449.24
2421.34
2410.84
2408.54
2429.54
2447.94
2432.84
2442.14
2438.34
2440.14
2428.64
2427.04
2430.14
2416.14
2388.24
2385.04
2399.14
2402.74
2391.94
2389.84
2388.94
2389.34
2401.04
2410.24
2420.44
2448.84
2442.34
2453.34
2457.04
2468.44
2466.34
2477.34
2466.14
2454.44
2445.14
2439.84
2463.84
2462.34
2457.84
2437.04
2449.94
2450.04
2433.94
2434.34
2452.84
2449.34
2427.14
2429.44
2445.74
2438.94
2427.44
2429.24
2441.04
2430.64
2421.54
2431.34
2441.04
2436.54
2408.14
2408.04
2438.34
2435.44
2436.94
2434.14
2459.74
2445.34
2438.84
2462.44
2480.24
2474.44
2494.54
2542.04
2543.74
2498.44
2483.54
2520.04
2565.14
2583.44
2542.94
2518.84
2502.54
2479.64
2467.84
2464.54
2459.74
2480.14
2451.34
2463.84
2482.54
2470.24
2463.44
2446.94
2458.64
2441.24
2430.24
2442.64
2449.24
2463.64
2439.74
2455.94
2468.54
2468.84
2470.04
2446.64
2463.84
2462.44
2436.94
2449.24
2441.14
2474.84
2460.54
2468.34
2469.54
2456.94
2461.14
2461.94
2487.34
2477.64
2488.84
2527.64
2607.14
2650.04
2663.14
2664.94
2633.54
2601.64
2567.64
2496.54
2448.64
2457.54
2485.54
2489.94
2450.04
2403.04
2401.64
2408.64
2428.64
2424.64
2403.14
2415.04
2416.84
2411.14
2389.34
2391.24
2406.54
2383.34
2381.34
2378.54
2383.24
2373.24
2347.84
2352.24
2356.84
2347.14
2340.54
2351.44
2366.54
2363.44
2353.44
2355.04
2360.14
2351.14
2339.34
2345.34
2352.64
2342.64
2334.74
2343.64
2346.84
2330.14
2316.74
2331.84
2351.04
2340.04
2325.44
2336.24
2340.14
2319.84
2313.34
2332.64
2348.74
2350.34
2356.44
2364.94
2389.84
2384.34
2378.94
2390.74
2406.24
2413.94
2400.04
2418.84
2437.34
2424.64
2421.04
2428.84
2442.34
2422.44
2401.64
2399.04
2429.44
2433.54
2430.54
2394.74
2409.94
2414.54
2411.84
2410.14
2423.64
2412.14
2407.34
2430.64
2436.04
2445.04
2429.94
2440.14
2451.04
2438.14
2424.44
2413.54
2425.84
2434.44
2442.64
2447.44
2446.04
2443.34
2426.54
2419.14
2430.14
2413.54
2409.84
2406.34
2418.74
2425.74
2408.94
2425.24
2433.94
2432.24
2408.14
2400.14
2416.74
2399.24
2399.24
2404.64
2429.04
2420.04
2409.94
2376.44
2350.94
2351.64
2365.24
2375.54
2416.14
2459.14
2432.24
2419.04
2424.54
2422.74
2414.64
2415.84
2418.64
2404.04
2400.64
2398.04
2404.84
2402.04
2403.44
2409.04
2421.14
2413.74
2394.74
2406.44
2417.44
2413.64
2410.84
2417.14
2422.54
2411.24
2398.34
2414.34
2410.34
2398.54
2386.14
2393.94
2399.64
2386.04
2373.04
2377.34
2385.34
2377.64
2361.14
2364.04
2379.24
2369.74
2348.84
2354.04
2357.04
2330.04
2312.24
2333.14
2367.14
2374.34
2378.74
2384.04
2400.94
2393.44
2386.84
2402.54
2403.94
2412.54
2385.34
2387.14
2418.34
2413.04
2406.64
2415.64
2421.44
2424.24
2415.44
2424.54
2432.94
2435.04
2420.74
2423.84
2432.14
2416.54
2416.94
2404.84
2413.34
2408.44
2402.54
2416.44
2424.74
2421.54
2408.64
2347.34
2338.44
2333.04
2308.44
2308.94
2336.84
2361.84
2357.64
2381.64
2388.54
2404.54
2398.74
2403.14
2425.54
2406.94
2403.24
2401.84
2412.94
2415.34
2395.14
2410.64
2407.94
2405.94
2400.84
2374.74
2391.34
2391.24
2373.24
2365.74
2359.54
2350.54
2334.84
2337.54
2358.64
2356.34
2362.04
2365.94
2378.64
2371.24
2345.94
2340.44
2339.44
2340.04
2341.94
2334.54
2330.64
2299.04
2282.84
2273.24
2293.34
2301.94
2295.54
2315.24
2317.94
2316.44
2301.34
2298.04
2310.74
2313.24
2302.24
2306.44
2330.54
2326.54
2306.34
2308.74
2326.64
2320.44
2296.24
2293.34
2309.14
2315.54
2308.84
2323.44
2339.94
2329.94
2317.94
2334.64
2357.94
2355.44
2338.24
2337.24
2345.94
2339.34
2337.74
2328.34
2338.84
2330.24
2320.14
2323.44
2346.74
2331.84
2303.04
2297.14
2295.64
2301.84
2295.44
2314.04
2327.74
2311.44
2297.74
2300.24
2326.04
2319.04
2309.24
2317.54
2321.24
2343.04
2321.24
2327.24
2337.64
2342.74
2328.64
2347.94
2359.84
2345.64
2350.74
2357.54
2365.64
2354.84
2345.84
2371.74
2377.54
2359.54
2331.94
2340.54
2347.54
2335.54
2343.64
2337.44
2342.54
2343.24
2333.84
2323.64
2332.34
2334.04
2315.34
2312.84
2322.24
2296.14
2291.84
2284.84
2293.14
2291.84
2275.54
2278.04
2268.94
2267.74
2253.24
2253.84
2272.24
2271.14
2255.34
2251.44
2257.14
2255.84
2255.34
2262.74
2261.74
2228.74
2217.54
2227.54
2242.24
2247.34
2231.74
2221.24
2224.64
2224.84
2219.84
2223.34
2234.14
2226.04
2203.24
2209.44
2234.34
2238.64
2226.64
2223.24
2233.34
2235.64
2234.44
2211.74
2205.54
2219.24
2217.74
2233.34
2247.24
2244.04
2237.24
2244.24
2256.24
2244.24
2225.74
2230.44
2229.64
2243.54
2235.74
2238.34
2249.54
2246.44
2252.94
2254.54
2298.44
2305.94
2296.04
2301.54
2316.74
2302.84
2294.74
2280.94
2305.04
2306.94
2298.84
2303.64
2317.04
2316.14
2305.74
2308.94
2324.14
2329.94
2319.14
2302.44
2319.34
2302.84
2299.54
2287.84
2306.14
2284.14
2277.44
2260.84
2278.64
2263.14
2259.94
2249.94
2266.94
2279.24
2278.44
2249.94
2248.34
2266.04
2236.54
2219.34
2225.74
2244.24
2238.74
2243.34
2254.84
2257.84
2245.24
2265.84
2277.94
2273.14
2257.14
2256.94
2261.34
2244.24
2252.14
2248.34
2259.94
2270.54
2262.74
2259.04
2256.24
2267.74
2251.64
2248.34
2256.24
2261.74
2268.04
2273.24
2286.64
2288.44
2264.74
2246.34
2250.94
2249.34
2234.54
2229.64
2236.44
2224.64
2197.44
2201.64
2226.94
2221.44
2212.64
2199.04
2201.24
2213.14
2213.54
2196.84
2208.94
2209.84
2199.14
2199.34
2206.84
2220.44
2202.84
2195.74
2195.94
2182.34
2175.14
2190.34
2202.74
2191.84
2178.24
2181.04
2184.54
2188.34
2167.14
2170.14
2191.04
2179.64
2177.74
2166.24
2189.54
2178.24
2164.04
2176.44
2179.44
2195.24
2170.44
2174.04
2189.84
2193.54
2164.84
2163.04
2190.14
2180.54
2171.94
2174.94
2190.64
2201.04
2184.44
2173.64
2198.24
2182.44
2181.64
2171.54
2185.34
2193.24
2168.24
2170.04
2193.74
2193.84
2179.44
2179.54
2186.44
2177.64
2181.04
2172.94
2171.44
2189.64
2175.44
2168.44
2189.64
2179.64
2182.04
2176.84
2191.34
2195.64
2177.54
2176.94
2184.74
2191.24
2184.44
2181.84
2196.64
2198.94
2193.64
0
