2241.04
2240.54
2247.04
2246.54
2226.84
2218.34
2202.94
2206.64
2191.84
2176.04
2171.04
2176.34
2184.74
2183.34
2196.24
2208.24
2200.24
2201.74
2207.64
2221.94
2210.94
2206.34
2225.64
2236.94
2225.34
2219.34
2234.84
2240.74
2237.24
2219.64
2223.54
2246.54
2247.14
2226.14
2250.24
2264.84
2285.34
2281.24
2294.04
2306.94
2311.14
2301.54
2302.44
2325.44
2325.64
2327.94
2355.54
2374.64
2383.04
2372.34
2374.84
2381.84
2369.94
2366.34
2355.74
2366.64
2371.54
2353.54
2365.74
2367.74
2376.24
2365.94
2366.14
2384.64
2374.24
2371.84
2371.04
2387.54
2393.64
2374.54
2367.34
2359.94
2348.74
2353.84
2370.54
2408.34
2402.44
2386.64
2386.24
2397.24
2406.24
2393.74
2407.54
2402.94
2380.54
2381.34
2389.24
2408.04
2410.64
2403.84
2396.44
2394.54
2384.44
2373.94
2381.14
2386.24
2369.94
2369.84
2371.64
2374.14
2363.44
2354.24
2358.04
2357.54
2341.84
2334.34
2347.94
2360.24
2356.64
2350.54
2359.84
2369.74
2355.24
2338.74
2360.84
2363.94
2358.14
2351.94
2350.84
2368.34
2368.54
2346.74
2358.24
2367.24
2351.04
2341.44
2357.64
2365.04
2356.24
2324.84
2340.54
2350.74
2335.54
2327.14
2332.24
2366.64
2355.64
2346.24
2359.34
2355.74
2354.54
2329.54
2331.04
2352.34
2351.04
2326.74
2327.54
2350.24
2362.64
2338.64
2350.94
2360.44
2362.04
2349.94
2365.24
2378.24
2369.14
2364.04
2364.74
2380.64
2365.14
2364.24
2382.24
2383.04
2387.54
2374.04
2390.44
2393.64
2370.74
2367.04
2371.74
2361.74
2354.14
2363.34
2393.14
2397.84
2399.94
2379.94
2369.24
2372.04
2366.14
2374.64
2378.84
2369.14
2371.14
2378.84
2372.94
2377.64
2374.44
2385.24
2399.54
2409.34
2401.84
2394.04
2387.44
2396.94
2393.24
2377.34
2376.44
2381.14
2387.04
2374.34
2371.84
2382.24
2369.44
2377.54
2398.84
2412.94
2399.34
2390.24
2401.64
2407.74
2399.34
2394.84
2387.34
2383.54
2384.94
2386.74
2382.04
2391.04
2386.64
2395.24
2454.54
2512.84
2481.84
2427.24
2432.24
2431.14
2400.74
2403.84
2442.44
2455.84
2421.14
2395.14
2455.04
2536.24
2510.34
2448.14
2450.54
2476.44
2493.44
2552.44
2607.04
2576.94
2508.54
2440.14
2430.14
2435.74
2425.54
2420.94
2435.94
2435.94
2408.34
2400.34
2405.74
2410.14
2390.74
2384.74
2389.64
2399.44
2380.34
2377.44
2395.94
2400.44
2383.54
2384.24
2392.64
2400.74
2396.14
2401.14
2417.04
2441.94
2491.24
2464.14
2448.04
2518.54
2569.74
2527.34
2527.54
2736.34
2864.04
2875.94
2782.04
2657.44
2561.94
2509.74
2489.44
2455.44
2417.84
2426.34
2434.94
2430.84
2411.34
2413.34
2422.84
2419.14
2419.44
2422.64
2414.14
2421.24
2404.74
2404.74
2408.74
2417.04
2398.84
2370.64
2377.94
2378.84
2380.74
2363.74
2365.94
2370.84
2355.84
2362.24
2356.44
2377.84
2380.84
2364.64
2385.84
2377.34
2371.14
2356.14
2372.04
2390.24
2368.74
2376.44
2380.54
2399.44
2391.04
2377.84
2398.04
2383.84
2380.44
2371.34
2386.44
2397.84
2379.94
2393.64
2394.34
2391.44
2389.84
2379.84
2387.64
2391.54
2377.84
2367.44
2374.44
2378.14
2365.84
2364.64
2384.84
2397.24
2383.74
2365.94
2372.04
2383.74
2372.44
2363.04
2376.84
2385.34
2379.24
2397.64
2398.34
2396.14
2387.54
2392.94
2409.94
2415.34
2413.44
2395.64
2410.94
2414.64
2396.74
2394.54
2393.64
2415.34
2402.64
2399.64
2410.34
2411.34
2410.94
2395.94
2417.54
2421.84
2407.84
2421.24
2395.64
2380.84
2390.34
2394.64
2388.74
2390.94
2403.94
2419.84
2416.44
2390.34
2384.94
2388.84
2398.54
2430.84
2429.14
2421.54
2420.54
2440.14
2418.54
2417.14
2438.74
2442.04
2439.24
2427.44
2443.54
2439.24
2423.94
2425.64
2425.74
2436.34
2424.74
2438.14
2453.24
2448.24
2450.64
2440.64
2439.14
2442.24
2443.84
2435.24
2433.84
2441.74
2434.04
2431.64
2442.54
2433.64
2434.44
2423.74
2431.14
2437.34
2425.44
2426.84
2423.14
2434.34
2422.64
2417.84
2416.14
2426.14
2421.44
2416.74
2438.84
2426.34
2419.94
2417.54
2420.44
2432.14
2406.54
2413.64
2416.44
2437.64
2437.24
2425.34
2431.54
2413.74
2417.44
2411.94
2421.94
2428.34
2405.64
2405.24
2417.44
2430.74
2420.94
2408.14
2432.44
2424.34
2423.34
2415.94
2434.04
2433.24
2422.74
2413.44
2429.44
2439.14
2423.64
2412.64
2423.14
2431.34
2418.84
2412.44
2429.94
2436.34
2420.64
2428.14
2424.24
2429.14
2424.04
2424.54
2434.74
2427.94
2413.04
2416.64
2435.04
2435.74
2420.24
2421.44
2426.94
2450.94
2438.14
2438.64
2454.04
2454.24
2454.44
2445.64
2462.14
2448.84
2416.14
2395.14
2412.44
2455.94
2447.64
2431.64
2433.84
2429.24
2416.24
2420.44
2434.04
2429.14
2427.04
2412.74
2410.64
2430.24
2435.54
2420.94
2428.94
2422.94
2422.64
2409.04
2410.94
2419.84
2405.74
2409.64
2421.84
2417.04
2403.44
2398.64
2405.04
2390.74
2392.64
2382.04
2388.14
2393.64
2375.84
2372.24
2353.54
2307.54
2254.34
2165.94
2154.34
2147.54
2117.44
2112.54
2117.34
2126.94
2115.84
2147.14
2154.74
2155.74
2136.34
2116.84
2121.24
2132.94
2188.24
2241.64
2302.34
2346.74
2346.54
2365.94
2370.64
2385.34
2382.64
2389.74
2425.14
2397.84
2364.54
2297.34
2248.24
2209.04
2167.64
2152.54
2152.94
2147.84
2124.14
2105.24
2111.14
2095.04
2090.14
2081.84
2097.14
2098.14
2076.34
2076.74
2068.34
2071.64
2063.54
2057.94
2071.34
2079.84
2080.94
2064.34
2086.24
2088.44
2066.84
2055.64
2058.44
2059.24
2050.24
2061.64
2062.24
2069.64
2068.94
2084.84
2105.74
2099.74
2081.34
2081.74
2090.04
2081.84
2077.04
2073.34
2070.24
2067.34
2052.64
2048.44
2061.04
2089.44
2072.64
2045.14
2047.84
2076.44
2065.84
2040.64
2016.94
2012.54
2014.24
2021.24
2019.34
2012.64
2025.84
2013.74
2023.44
2011.74
1989.94
1988.84
1985.94
1983.34
1943.94
1940.54
1956.74
1951.24
1931.94
1931.44
1943.24
1943.54
1933.84
1940.74
1942.74
1946.94
1923.74
1918.54
1935.04
1939.54
1940.64
1928.14
1938.74
1939.14
1944.24
1931.24
1937.44
1935.14
1913.74
1914.54
1925.14
1930.84
1925.04
1912.84
1909.34
1886.64
1881.34
1873.34
1899.94
1886.74
1877.24
1893.24
1894.04
1908.44
1900.64
1923.94
1935.64
1932.14
1901.64
1897.44
1916.24
1903.44
1895.84
1910.84
1908.74
1906.84
1907.34
1913.94
1922.44
1911.44
1910.04
1904.24
1917.54
1917.94
1886.44
1900.74
1914.44
1924.84
1922.34
1919.84
1948.94
1939.34
1944.44
1947.04
1962.54
1959.24
1934.94
1952.84
1956.24
1964.44
1951.04
1947.54
1965.04
1950.94
1955.54
1949.74
1960.64
1963.14
1948.84
1955.74
1958.34
1977.74
1961.24
1952.54
1963.04
1942.84
1933.04
1939.54
1967.74
1971.54
1947.84
1953.14
1951.74
1941.74
1914.84
1906.24
1911.94
1899.94
1911.24
1920.64
1937.54
1932.74
1902.64
1901.14
1899.64
1897.84
1893.34
1907.34
1915.24
1890.24
1880.94
1895.54
1909.44
1897.54
1883.34
1890.84
1910.64
1911.84
1900.04
1910.14
1930.54
1936.84
1939.04
1949.24
1953.54
1941.24
1933.84
1946.34
1958.64
1949.44
1936.24
1947.34
1968.54
1964.84
1945.44
1946.14
1952.44
1932.84
1930.64
1924.74
1925.74
1909.14
1887.04
1894.94
1906.14
1903.24
1882.84
1891.94
1901.54
1893.94
1886.04
1883.24
1899.14
1896.24
1894.44
1907.84
1908.94
1907.04
1889.74
1897.94
1912.74
1909.84
1899.94
1895.44
1920.34
1925.24
1898.14
1905.04
1914.54
1915.94
1907.74
1917.14
1928.94
1929.64
1914.64
1920.94
1936.94
1930.54
1935.84
1944.54
1947.54
1946.04
1934.94
1953.44
1973.64
1975.84
1957.14
1959.94
1968.14
1974.64
1966.84
1971.34
1994.24
1996.34
1982.94
1993.94
2005.14
1992.64
1990.14
1982.64
2003.64
1995.24
1987.74
2000.64
1997.34
1999.14
1987.44
2001.54
2001.04
1999.24
1987.74
1985.94
1993.34
1967.34
1964.24
1981.64
1977.84
1973.74
1959.94
1978.04
1992.34
1989.84
1991.54
1971.04
1962.54
1962.54
1932.14
1917.74
1917.44
1902.24
1881.14
1875.74
1875.54
1861.24
1866.44
1876.84
1891.74
1884.34
1872.54
1885.24
1902.24
1894.64
1893.84
1879.64
1868.04
1866.54
1861.44
1876.74
1888.24
1874.74
1859.44
1870.14
1886.04
1877.74
1865.94
1880.14
1895.54
1880.34
1863.24
1875.14
1888.74
1873.84
1858.64
1871.04
1882.54
1871.24
1860.54
1871.14
1876.24
1894.04
1882.24
1882.84
1908.14
1911.24
1901.94
1889.84
1905.94
1887.94
1874.34
1882.64
1879.84
1877.94
1869.64
1883.24
1894.54
1884.54
1886.34
1894.44
1908.84
1898.44
1888.94
1900.74
1901.44
1901.44
1896.24
1910.74
1923.14
1918.94
1919.74
1938.14
1946.94
1931.44
1926.74
1945.14
1941.14
1938.74
1920.44
1931.54
1929.54
1914.84
1915.84
1910.54
1926.74
1923.74
1926.84
1952.14
1961.64
1959.64
1942.44
1957.44
1965.44
1943.64
1936.64
1931.84
1955.14
1951.64
1955.54
1972.94
1967.24
1968.64
1957.14
1974.94
1979.84
1979.14
1957.14
1959.24
1979.24
1977.84
1955.44
1976.24
1979.04
2165.34
