1635.54
1637.04
1646.74
1654.84
1649.14
1644.34
1651.44
1660.44
1661.24
1659.04
1665.14
1669.34
1661.34
1659.64
1672.34
1678.04
1666.64
1663.74
1665.84
1673.64
1665.04
1657.54
1665.44
1665.04
1664.74
1660.04
1666.64
1665.14
1662.44
1656.84
1655.54
1663.74
1669.04
1667.04
1668.04
1664.04
1655.94
1658.54
1665.34
1670.84
1667.24
1665.14
1659.54
1667.94
1662.94
1653.74
1652.64
1650.44
1656.74
1650.74
1653.74
1649.84
1642.74
1638.84
1634.64
1641.94
1640.64
1630.34
1635.84
1657.64
1660.54
1648.54
1642.04
1634.14
1624.34
1627.54
1627.84
1639.14
1641.64
1648.34
1654.14
1642.64
1620.54
1615.84
1597.14
1610.84
1619.24
1625.94
1635.74
1625.04
1603.94
1581.74
1604.14
1624.24
1617.04
1623.04
1609.24
1617.34
1624.94
1633.94
1644.74
1660.44
1655.94
1634.44
1621.14
1628.54
1631.64
1631.74
1623.44
1625.44
1620.24
1611.54
1618.24
1616.24
1615.14
1613.34
1622.44
1617.54
1612.04
1613.84
1616.74
1624.44
1618.14
1622.74
1618.84
1623.24
1619.54
1612.54
1633.64
1648.34
1654.04
1655.54
1656.44
1661.84
1652.14
1646.64
1632.74
1628.04
1619.54
1618.74
1613.24
1610.34
1611.54
1597.14
1596.94
1607.54
1601.64
1591.94
1602.34
1599.34
1587.34
1576.64
1583.94
1592.24
1577.64
1574.84
1580.94
1588.34
1575.94
1572.94
1579.44
1589.94
1570.14
1566.54
1573.74
1579.04
1566.24
1562.24
1560.64
1558.44
1557.54
1548.14
1556.64
1563.34
1549.94
1552.74
1561.64
1561.34
1561.64
1558.54
1545.64
1543.84
1541.04
1541.84
1547.84
1544.74
1530.14
1532.84
1533.14
1540.94
1537.84
1536.64
1546.54
1552.24
1540.14
1527.44
1527.74
1524.84
1517.04
1516.94
1520.04
1509.34
1484.44
1470.24
1462.84
1462.24
1446.14
1438.84
1446.14
1446.44
1431.04
1433.44
1441.04
1445.74
1436.14
1432.24
1431.34
1445.34
1443.84
1443.44
1448.34
1445.84
1434.64
1434.44
1443.84
1446.24
1441.14
1442.64
1448.14
1443.84
1431.64
1422.14
1413.74
1416.04
1422.24
1432.94
1432.04
1436.94
1429.74
1425.14
1424.74
1415.54
1405.84
1405.94
1414.34
1409.74
1399.24
1402.34
1405.24
1415.44
1410.44
1401.24
1407.54
1403.54
1397.74
1398.64
1399.24
1398.94
1390.54
1390.84
1389.04
1398.54
1396.64
1391.64
1391.54
1392.54
1386.94
1388.24
1389.34
1391.24
1387.04
1383.64
1386.94
1384.94
1381.74
1379.64
1383.14
1380.34
1370.94
1366.34
1367.94
1370.74
1355.74
1360.84
1366.84
1368.74
1366.24
1360.44
1367.04
1359.74
1355.54
1354.84
1359.84
1362.54
1352.54
1372.44
1383.84
1399.34
1400.14
1400.54
1420.74
1416.84
1413.64
1421.54
1424.04
1428.54
1423.54
1430.74
1436.24
1432.54
1417.84
1413.44
1413.64
1408.94
1398.94
1403.74
1403.54
1410.24
1404.84
1401.64
1409.34
1400.94
1399.74
1395.24
1400.24
1398.64
1383.94
1384.14
1392.14
1399.44
1397.04
1393.64
1397.84
1388.54
1386.24
1385.24
1392.44
1392.54
1381.84
1380.34
1389.84
1396.14
1387.04
1380.64
1390.54
1393.74
1384.74
1384.74
1395.44
1398.14
1386.94
1385.64
1384.34
1386.34
1382.34
1388.24
1393.34
1380.94
1383.34
1378.34
1382.94
1397.84
1390.94
1385.54
1388.84
1388.14
1382.64
1385.54
1391.84
1386.94
1383.94
1378.64
1389.84
1389.14
1379.94
1377.54
1375.04
1385.54
1383.84
1390.74
1399.64
1392.24
1390.34
1388.64
1393.84
1386.74
1376.24
1381.14
1380.94
1392.84
1377.14
1380.84
1398.84
1390.44
1379.34
1376.14
1374.34
1374.94
1370.94
1373.94
1377.84
1372.24
1371.54
1364.54
1366.54
1356.04
1346.14
1349.24
1367.04
1365.74
1345.04
1346.84
1353.44
1349.64
1349.14
1340.84
1345.94
1338.74
1336.24
1338.04
1331.04
1321.24
1309.04
1311.14
1326.34
1313.14
1306.44
1310.64
1324.84
1322.64
1316.54
1328.24
1332.34
1340.14
1335.94
1337.44
1339.94
1338.14
1328.14
1327.34
1338.24
1331.84
1328.74
1340.64
1339.94
1337.24
1322.24
1325.54
1334.94
1336.14
1323.84
1320.84
1328.24
1325.74
1326.24
1322.54
1333.34
1333.54
1330.04
1308.34
1312.94
1310.24
1310.64
1301.84
1305.74
1308.94
1299.54
1311.54
1316.64
1316.24
1301.84
1296.24
1300.64
1294.64
1297.34
1297.24
1303.74
1300.84
1289.54
1297.14
1295.64
1295.74
1297.74
1290.94
1281.84
1264.74
1261.84
1264.24
1285.84
1300.64
1281.94
1270.44
1278.14
1278.74
1268.04
1268.74
1276.54
1268.14
1254.24
1253.94
1260.34
1243.44
1240.94
1248.94
1263.14
1261.94
1248.34
1257.14
1259.14
1254.74
1243.84
1245.04
1244.74
1241.54
1238.94
1230.54
1233.84
1234.34
1225.34
1219.04
1211.74
1208.64
1202.24
1210.14
1219.04
1213.24
1214.14
1214.24
1215.94
1201.64
1189.94
1196.64
1194.04
1191.94
1183.34
1185.14
1185.24
1171.14
1169.54
1164.44
1173.54
1173.44
1163.74
1161.14
1162.54
1167.24
1167.34
1173.94
1171.44
1149.54
1136.94
1140.44
1156.94
1154.74
1147.74
1153.14
1148.14
1147.84
1141.44
1143.04
1157.44
1144.94
1135.24
1131.94
1136.94
1140.04
1131.54
1138.64
1137.04
1139.94
1131.94
1130.94
1145.44
1135.74
1131.14
1124.14
1130.84
1134.14
1127.44
1126.14
1130.44
1138.14
1147.24
1134.54
1134.84
1147.84
1140.84
1129.64
1119.24
1115.54
1117.64
1130.74
1128.44
1125.74
1116.84
1116.14
1122.44
1111.34
1111.04
1109.54
1115.24
1111.94
1104.24
1111.14
1103.04
1114.34
1118.44
1110.74
1115.74
1112.34
1102.04
1104.44
1111.84
1106.64
1099.54
1103.44
1110.14
1105.64
1095.44
1097.04
1104.64
1100.54
1097.94
1092.54
1102.14
1100.34
1094.74
1094.24
1103.44
1091.54
1078.24
1084.64
1092.64
1084.14
1075.94
1075.24
1081.34
1080.44
1073.24
1073.24
1072.04
1064.94
1059.74
1063.64
1064.74
1055.34
1053.74
1057.64
1072.54
1064.84
1065.84
1067.04
1068.14
1069.94
1064.54
1059.94
1073.34
1062.94
1055.74
1060.94
1059.54
1061.84
1043.04
1045.84
1047.04
1041.24
1046.34
1045.94
1056.54
1054.04
1052.94
1048.04
1054.84
1061.74
1050.54
1048.94
1060.94
1064.14
1058.04
1059.34
1067.34
1064.44
1049.74
1043.04
1027.44
1024.94
1046.94
1063.04
1068.14
1059.34
1060.04
1062.44
1075.94
1078.54
1070.04
1074.34
1079.04
1096.34
1098.64
1082.34
1079.84
1070.54
1070.64
1083.54
1087.34
1086.04
1074.04
1073.64
1077.44
1076.14
1070.44
1078.14
1079.04
1045.64
1042.74
1047.54
1061.34
1058.84
1051.94
1064.34
1065.24
1061.24
1052.74
1051.34
1059.54
1043.54
1041.64
1043.34
1057.14
1049.84
1039.64
1040.24
1042.14
1036.04
1032.64
1037.74
1041.24
1036.14
1035.44
1030.84
1036.54
1033.04
1028.64
1027.74
1034.84
1029.04
1011.24
1019.24
1023.34
1013.24
1004.34
999.142
1006.04
1001.64
1001.94
1005.74
998.642
990.442
968.742
969.742
971.742
960.242
950.742
949.442
966.542
960.842
954.342
951.042
964.742
966.742
953.942
946.342
958.542
950.742
947.342
947.742
958.842
952.242
946.142
952.542
951.542
948.842
942.642
948.842
942.542
925.542
921.542
924.542
924.542
925.842
927.342
927.742
924.542
927.742
922.042
923.742
921.742
915.642
915.242
909.142
913.242
909.642
897.842
879.842
879.942
898.942
910.042
917.142
914.142
907.842
893.642
898.442
897.542
896.742
882.342
881.042
889.042
877.442
876.542
880.642
877.442
871.642
865.742
883.542
884.542
886.742
878.042
883.242
889.242
870.442
867.442
877.142
868.542
865.342
861.642
856.942
854.442
843.142
838.242
836.542
847.442
854.642
855.442
917.542
980.442
1001.14
960.342
985.542
1087.34
1173.14
1177.44
1146.24
1123.14
1145.24
1220.34
1356.24
1431.34
1518.74
1570.94
1632.24
1685.64
1711.34
1728.84
1737.84
1763.34
1779.34
1726.44
1572.14
1371.44
1239.44
1257.94
1358.14
1450.54
1497.74
1459.44
1396.24
1400.44
1427.34
1381.54
1289.84
1179.84
1052.04
966.542
881.042
865.142
875.942
925.442
1034.24
1093.64
1115.44
1133.54
1123.34
1079.44
1022.74
973.642
947.442
930.842
917.342
886.542
883.042
874.442
860.342
857.842
851.942
857.342
861.442
877.042
889.442
878.742
852.742
843.742
847.542
862.942
851.742
839.942
826.342
806.342
799.242
794.242
820.142
843.942
897.342
933.442
936.442
913.042
896.642
889.442
884.142
877.342
875.142
855.042
855.542
875.742
887.942
881.742
864.042
852.542
831.342
830.542
833.342
829.942
827.242
822.142
825.542
820.142
822.342
822.542
821.442
820.842
823.142
819.242
828.942
823.542
819.442
807.742
812.042
817.842
812.642
810.342
815.342
823.342
815.142
807.242
809.842
809.042
815.742
816.742
812.242
813.242
796.442
805.042
807.442
813.442
805.242
803.342
818.342
817.042
808.442
800.142
802.142
801.942
787.042
794.242
793.642
798.542
791.042
786.542
797.142
797.942
790.342
785.242
794.942
796.942
788.942
787.442
795.942
798.942
786.842
782.042
790.642
792.642
784.142
784.242
795.242
797.042
784.142
784.642
795.942
802.542
1972.54
