2902.9
2934.3
2955.4
2989.4
3038
3111.7
3136.4
3150.4
3241.1
3300.7
3358.4
3468.8
3565.1
3659.2
3747.2
3792.5
3878.7
3885.9
3899.2
3963.6
3982.3
3965.6
3902.1
3857.7
3891.2
3889.4
3886.4
3963.1
4055.1
4135.7
4217.4
4297.6
4378
4419.6
4433.4
4523.9
4618.2
4652.7
4738.3
4818.9
4868.2
4920.3
4928.2
4998.2
5081.2
5075.1
5131.4
5211.5
5262.5
5321.5
5322.2
5341.4
5426.3
5441.3
5498
5552.1
5533.2
5538.1
5492.8
5528.6
5580.4
5566.9
5592.8
5627.8
5661.2
5679.2
5695
5678.8
5742.8
5758.8
5745.8
5812.8
5770.9
5790.9
5814.4
5810.1
5877.6
5886.6
5886.2
5959.6
5921.9
5974.2
5993
6013.2
6118.6
6139.3
6176
6136.8
6076.9
6071.9
6075.1
6068.5
6101.4
6059.3
6035.1
6105.5
6141.9
6099.9
6062.8
6023.4
6010.1
5957
5911.2
5920.6
5952.1
5898.9
5920.3
5910.1
5923.2
5980.6
5933.7
5944.8
5999
5960.9
5966.9
5987.6
5988.2
6012.3
5987.8
6018.8
6080.2
6068.5
6082.7
6147.1
6177.1
6239.5
6212.3
6188.6
6207
6142.7
6084
6104.5
6053.8
6110.4
6048.1
5997.5
5995.8
5980.7
5954.7
5975.5
6001
5975.2
5993.7
5949.3
5998.8
5982.9
5950.5
6008.5
5963.6
6004.4
6001.8
5974.4
6018.7
6003.7
5961.3
5976.9
5974.8
5968.2
5981.5
6008.9
6045
6056
6009.2
6004.6
5997.3
5958.2
5902.7
5898.7
5847.6
5877.8
5858.7
5908.4
5982.3
5961.4
5993.3
6020.3
6038.3
6109.1
6133.6
6236.7
6317.4
6317.7
6375.2
6425.1
6454.5
6507
6474.1
6494.3
6533.2
6490.8
6472.4
6529.1
6533.8
6505
6495.6
6496.2
6533.7
6491.7
6431.8
6451.4
6410.5
6362
6371.8
6355.3
6334.9
6239.8
6144.4
6146
6097
6147.8
6141.5
6139.9
6168.3
6163.6
6128.4
6145.2
6171.8
6201.7
6242.2
6256.4
6389.8
6440.2
6383.8
6426.4
6513.8
6551
6545.7
6504
6500.9
6524.9
6454.6
6433.8
6454.4
6408.3
6390.1
6385
6385.9
6420.3
6372.4
6381.9
6408.1
6362.5
6387.3
6409.1
6428.3
6429.4
6441.4
6430.2
6488
6475.2
6495.8
6553.9
6543.3
6527.7
6475.3
6446.9
6473.3
6429.7
6380
6418
6405.8
6415.5
6392.2
6371.7
6450.4
6441.8
6381.4
6426.5
6440.3
6450.1
6495.9
6524.4
6574.2
6555
6535.9
6622.8
6645.5
6631.6
6645.3
6648.6
6688.9
6691.4
6686.9
6777.9
6818.3
6868.5
6900.3
6932.1
6935.6
6919.4
6878.7
6873.7
6883.1
6838.9
6829
6827.7
6780
6798.2
6737.8
6737.6
6779.1
6753.6
6789.6
6775.4
6777.9
6825.6
6801.5
6825.4
6874.8
6853.1
6869.1
6904.9
6869.2
6865.5
6865.2
6907.8
6996
6978
6956.4
6957.2
6945.4
6943.8
6913
6872.4
6895.8
6890
6830.3
6846.1
6844.9
6802
6813.2
6766.8
6813.7
6801.5
6760.3
6837
6849.7
6886.7
6920.9
6928.9
6991.6
6990.6
6969.9
7037.3
7041
7010
7017.1
7041.4
7071.2
7107.1
7089.4
7119.9
7112.3
7045.9
7043.4
7053.8
7033.5
7043.4
7009.2
6992.7
6993.4
6965.5
6969.8
6981.1
6954.4
6964.7
6942.1
6959.5
7005.3
6968.4
6973.5
6969.3
7012.5
7047.7
7063
7092.3
7113.3
7097
7092.6
7099.1
7053.5
7021.9
7033.1
7010.8
7048.7
7024
7003.8
7053.5
7040.9
7043.7
7002.7
6957.5
6954.2
6941.8
6919.4
6943.5
6945.9
6932.6
6967.6
6977.2
7011.3
7032.7
7007.5
7062.8
7060.9
7027.6
7059.5
7065.7
7159.8
7193
7166.7
7177
7179.7
7141.6
7133.2
7134.9
7125.6
7148.3
7089.9
7094.7
7129.4
7071.8
7089.6
7102.4
7083.4
7108.9
7092.6
7135.7
7165.9
7129.1
7125.3
7163.4
7171.6
7192.6
7179.3
7207.1
7255.7
7214.2
7210.8
7272.4
7272.6
7228.6
7165.1
7116
7141.6
7113.9
7055.7
7081.5
7054.9
7021.3
7037.2
7018.2
7054.6
7047.8
7018.4
7094.4
7105.8
7087.8
7123.7
7110.6
7194.3
7206.2
7149.8
7165.6
7170.8
7250.7
7269.6
7293
7304.6
7335.2
7352.1
7347.1
7337.7
7291.1
7341.4
7319
7264.1
7265.6
7209.7
7219.6
7268.8
7236.1
7245
7305.4
7283.5
7297.7
7287.1
7308.4
7368.5
7330.9
7310.1
7373
7363.7
7404.7
7385.8
7390.4
7425.5
7406.7
7434.9
7510.1
7495.8
7499.4
7380.1
7323.6
7329.9
7280.5
7224.5
7253.2
7223.9
7184.9
7180.2
7185.5
7189
7163.7
7126
7180.9
7177.9
7173.3
7212.7
7219.3
7271.5
7293.1
7303.6
7346.7
7320.7
7335.6
7370.1
7383.7
7430.3
7438.3
7411.2
7436.6
7432.1
7366
7404.8
7482.5
7493
7476.2
7453.9
7423.9
7441
7397
7384.5
7372.1
7386.5
7414
7395.2
7396.2
7420.2
7382.8
7379.2
7408.7
7385.1
7421
7382.3
7410.1
7467.8
7415.8
7407.7
7436.1
7424.6
7479.5
7522.7
7527.7
7509.5
7466.2
7424.7
7428.3
7391.5
7336.6
7355.1
7345.9
7353.6
7322.9
7284.6
7345.9
7309.5
7345.2
7357.8
7328.4
7416.2
7418
7398
7428.9
7423.1
7420.3
7443.2
7464.8
7479.3
7461.2
7410.7
7441.1
7443.9
7467.2
7518.5
7573.2
7577.8
7570.8
7524.7
7532.7
7563.1
7518.2
7527.7
7559.3
7521.3
7534.8
7491.5
7501.2
7536.9
7476.6
7482.2
7513.8
7481.4
7479.3
7465.3
7513
7567
7530.5
7509.5
7557.3
7547.1
7560.4
7585.5
7579.4
7624
7553.9
7469.1
7479.8
7439.3
7401.7
7404.2
7344.2
7358.1
7335.4
7295.5
7334.6
7366.1
7347.7
7384.9
7376.2
7409.9
7420.1
7412.4
7477.4
7461.4
7426.6
7457.9
7458.1
7567.2
7650.1
7686.7
7719.2
7685.1
7628.9
7614.9
7647.4
7620.6
7650.3
7637.8
7642
7666.2
7604.8
7582.2
7588.7
7522
7494.7
7408.9
7385.3
7380.4
7331.6
7324.9
7331.4
7301.2
7295.9
7288.5
7271.1
7314.2
7241.7
7256.4
7279.2
7240.2
7212.4
7156.1
7109.2
7092.3
7024.4
6978.6
6973
6917.1
6844.7
6855.4
6802.2
6825.6
6772.2
6711.8
6693.8
6634.5
6578.7
6610.5
6604.5
6635.5
6657.3
6663.7
6761
6787.7
6812
6854.9
6875.2
6932.6
6947
6957
7043.4
7088.3
7105.1
7163.8
7136.2
7114.1
7105.6
7085.3
7088.4
7121.8
7080.1
7092.8
7120.5
7060.5
7105.9
7074.7
7086.2
7126.1
7088.8
7129.2
7194.7
7173.7
7209.7
7191.6
7157
7163.6
7140.4
7191.4
7208.4
7195.8
7187.9
7251.2
7258.7
7360
7335.1
7285.6
7322
7291.9
7251.6
7228.3
7199.5
7230
7175.4
7135
7155.4
7133.8
7088.8
7098.2
7105.8
7118.2
7107.9
7051.3
7086.7
7057.5
7033.2
7104.5
7086.4
7128.5
7140.2
7127.8
7211.8
7224.2
7228
7287.8
7284.2
7286.5
7323.1
7340.8
7447.6
7511.4
7464.5
7434.6
7402.1
7377.2
7363.1
7341
7330.3
7354.5
7297.2
7306.4
7338.4
7298.5
7297.1
7325.3
7332.3
7387.2
7326.1
7340
7393.4
7367.2
7401.6
7412.2
7430.2
7461.7
7409.5
7343.8
7323.7
7350.4
7349.2
7325.9
7276.1
7227.8
7223.4
7185.9
7260.4
7262
7208.9
7233.2
7198.6
7236.1
7226.1
7193.4
7276.7
7277.1
7267.9
7298.9
7304.5
7356.4
7346.5
7313.6
7379.2
7391
7369.2
7424.7
7402.1
7508
7529.3
7481.5
7468.8
7429.6
7337.7
7331.2
7366.8
7356.4
7402.7
7352.7
7354.1
7387.7
7330.8
7280.5
7281.7
7233.6
7240.9
7244.5
7263.8
7289.7
7239.4
7245.2
7270.4
7209.4
7193.4
7198.2
7197
7209.4
7158
7161.7
7210
7155.9
7128.1
7142.6
7174.7
7168
7161.6
7181.3
7247.9
7211.6
7090.3
7084.3
7059.3
7062.4
7010.5
6970.5
6951.9
6878.2
6810.8
6869.5
6898.8
6930
6911.1
6887.4
6935.6
6955
6956.4
7012.3
7035.1
7048.1
7098.4
7119.6
7162.7
7176.6
7178.3
7217
7228.5
7257
7245
7152.7
7196.1
7245.2
7205.8
7209.3
7256
7259.9
7247.4
7241.4
7215.9
7247.7
7188.3
7191.5
7234.8
7218.6
7207.5
7184.1
7189.8
7193.9
7137.3
7179.8
7258.6
7247.8
7259.9
7275.6
7286.4
7301.1
7250.5
7255.9
7298.3
7244.2
7246.4
7256.5
7243.3
7273.4
7196.1
7111.6
7169.7
7171.2
7129
7161.2
7152.6
7134.9
7117.3
7076.6
7132.2
7113.7
7075.8
7126.1
7156
7150.5
7188.9
7203.2
7269
7289.4
7285.1
7356.4
7389.2
7417.4
7402.2
7407.2
7425.5
7419.9
7346.8
7318
7303.5
7296.7
7359.3
7376.3
7426.5
7428.8
7396.1
7402.5
7439.5
7394.1
7388.8
7393.8
7430.3
7486.1
7434.9
7446.5
7475.3
7417.2
7442.8
7433.8
7477.9
7533.8
7496.9
7523.5
7563.2
7564.6
7598
7703.4
19339
