686.161
696.561
683.961
678.561
679.761
699.461
742.561
737.261
738.061
731.461
681.161
667.961
659.661
664.274
635.245
610.601
577.858
588.401
578.901
558.43
574.101
564.701
567.401
545.759
530.417
558.061
556.761
564.061
578.361
575.061
584.261
612.061
617.861
608.761
575.361
560.161
575.861
593.161
589.661
608.161
605.261
611.561
603.361
591.961
603.161
614.561
605.061
604.761
613.461
619.661
615.761
624.361
653.761
675.161
694.161
704.061
736.061
727.161
738.061
713.761
728.561
759.261
744.561
728.961
737.861
738.561
742.761
731.861
737.561
751.961
715.589
704.631
703.701
688.701
679.301
651.101
666.888
710.188
695.301
717.801
677.401
688.101
685.43
681.701
671.358
689.101
675.001
655.258
669.901
651.13
650.03
653.301
637.158
665.801
653.001
631.258
635.301
624.558
664.801
655.401
658.83
671.701
660.201
640.13
637.301
638.701
613.03
614.001
604.501
636.588
642.289
617.161
622.061
636.061
618.061
608.861
615.461
656.761
670.961
676.861
701.561
738.861
739.861
756.261
775.861
792.861
811.561
778.861
780.761
808.261
775.561
778.461
770.661
786.561
814.361
802.461
825.161
852.361
850.361
817.961
786.661
782.161
778.661
741.761
722.361
746.161
719.074
664.501
663.401
619.158
631.558
636.101
620.83
644.101
657.001
649.358
671.901
660.101
656.93
657.801
634.53
660.801
655.001
632.858
641.601
633.658
666.33
664.201
649.13
650.101
628.201
597.43
576.301
587.301
567.13
558.201
556.058
564.701
561.501
550.958
565.601
571.53
587.901
600.201
591.901
618.703
661.161
661.761
685.661
716.361
721.561
712.161
724.561
712.761
725.361
691.061
692.761
725.461
708.561
719.661
722.961
729.361
760.561
742.661
776.061
811.461
797.161
810.461
852.061
861.561
834.461
779.761
762.261
787.661
776.761
754.161
764.361
745.761
757.861
747.561
748.061
781.061
744.061
748.261
777.261
807.061
805.161
771.961
780.061
816.061
829.461
781.261
781.961
791.561
812.361
799.461
784.961
791.561
752.561
735.761
728.361
714.061
707.661
692.961
686.861
693.861
692.761
656.161
679.461
714.261
715.761
713.761
739.261
755.861
778.661
787.061
832.661
865.861
836.361
853.861
868.661
889.461
906.261
869.161
885.861
898.461
908.161
925.261
913.961
911.761
930.761
892.961
893.061
899.961
887.661
878.461
901.261
876.861
856.161
812.203
789.945
818.188
807.261
820.961
830.661
806.161
838.361
819.161
809.661
866.861
878.861
872.761
882.661
881.961
901.661
893.661
880.461
924.061
940.361
935.761
949.461
912.961
904.161
842.161
773.461
775.361
782.261
780.861
791.661
789.961
815.361
844.261
829.361
843.461
862.461
851.761
869.661
911.061
903.161
914.961
905.861
920.561
942.961
932.461
926.961
936.061
938.961
937.261
944.561
944.161
976.261
945.861
948.661
980.661
950.261
949.261
930.761
926.061
940.761
918.361
926.461
932.761
918.161
899.561
886.561
907.361
906.161
895.161
877.261
913.761
918.561
898.961
923.461
933.261
963.961
951.461
952.161
974.161
966.361
976.161
949.761
936.061
943.861
937.161
939.261
968.961
947.261
903.361
901.461
888.661
876.261
858.361
839.061
858.161
879.061
869.661
867.161
887.661
865.361
871.961
848.361
894.261
944.161
915.561
901.461
866.961
894.561
940.861
927.261
925.361
935.861
923.461
951.061
990.761
967.261
946.961
956.261
967.161
1010.56
985.661
969.961
970.861
932.361
913.561
897.661
881.061
890.061
887.961
845.661
841.961
827.603
797.301
816.401
793.03
828.601
810.001
793.63
826.601
813.101
822.301
828.131
827.061
833.161
818.861
816.761
858.361
861.861
844.261
871.661
865.661
917.361
944.461
902.061
865.261
806.361
763.461
766.761
783.661
815.761
831.161
849.461
846.961
873.061
840.961
841.261
826.861
811.261
804.461
778.161
794.161
838.561
841.761
855.861
874.961
862.861
873.861
839.061
804.561
799.761
757.261
780.061
811.661
815.561
841.161
822.961
830.761
845.561
813.961
808.661
817.361
826.961
804.761
794.961
791.661
808.061
792.861
750.617
752.931
746.401
736.901
661.23
645.758
684.801
670.901
662.701
701.203
712.061
718.261
746.661
738.761
788.761
800.861
798.361
834.661
826.961
837.661
830.461
807.861
831.661
843.161
850.661
860.161
838.861
775.361
759.461
743.561
757.261
750.761
739.161
746.261
757.661
727.361
736.161
734.761
734.861
746.203
719.101
702.801
734.301
713.801
714.101
755.301
724.83
752.601
736.758
758.601
796.701
767.03
767.801
773.445
758.474
768.861
783.761
837.761
856.361
829.674
792.201
811.701
792.001
793.601
767.301
768.43
794.701
771.301
757.93
751.701
773.801
773.03
778.801
777.83
806.601
773.558
793.858
818.801
830.901
818.101
830.259
820.517
853.561
835.961
814.061
847.661
848.961
859.061
856.661
876.261
890.961
882.361
844.661
808.261
764.161
759.961
762.761
782.661
776.361
766.261
761.661
796.561
829.161
804.061
827.761
847.161
869.861
887.061
869.161
917.661
947.461
928.761
919.061
913.361
908.961
906.761
896.261
919.061
932.961
913.461
917.161
929.061
938.461
947.361
925.061
918.161
898.761
863.561
851.961
834.661
832.861
814.661
832.961
844.661
870.161
850.361
838.161
865.461
852.961
881.561
896.661
912.261
947.461
941.361
931.161
972.661
978.661
995.361
985.161
994.761
1019.16
1024.96
996.661
1009.86
999.361
1007.26
986.561
952.661
967.761
950.961
927.261
932.561
914.461
907.961
913.461
946.761
953.161
966.361
944.561
952.661
986.661
966.161
976.461
976.861
994.661
1014.96
986.161
994.361
1002.96
984.361
980.161
915.861
940.061
1006.06
1016.56
1053.66
1059.76
1030.26
1016.86
999.861
1001.76
1028.46
1020.36
1017.56
1022.66
989.661
967.461
962.261
943.661
925.961
889.561
890.961
888.661
889.261
873.661
892.661
894.361
914.161
911.661
923.261
970.261
964.761
950.661
963.361
976.161
982.061
974.261
964.161
987.561
948.561
917.561
939.961
927.161
929.161
922.361
927.861
924.661
892.161
870.761
860.461
871.361
884.861
889.961
899.161
906.461
919.461
893.061
909.261
951.361
938.661
960.661
975.061
983.061
1021.06
1003.96
1035.66
1062.96
1041.56
1044.26
1020.86
1017.76
1006.56
987.261
988.061
1016.16
993.661
982.761
995.761
1035.76
1057.46
1023.86
991.561
984.761
912.103
878.044
859.301
856.144
884.174
866.661
844.961
860.361
845.261
828.089
841.359
819.601
840.601
813.201
782.558
821.401
788.101
806.946
821.461
834.961
876.161
867.961
861.161
875.161
864.661
876.861
870.161
844.461
849.761
833.761
820.061
834.361
810.161
763.061
749.461
783.661
805.661
814.061
819.961
833.461
843.661
833.961
844.461
881.961
879.161
892.661
910.961
956.961
986.261
967.861
985.061
985.561
975.661
963.461
972.661
972.361
982.661
950.461
968.161
999.661
965.661
949.361
944.161
939.961
991.261
977.661
973.361
976.261
910.861
888.061
837.061
830.761
817.961
784.761
767.261
780.961
775.761
761.261
794.861
798.861
812.261
795.661
788.761
826.061
828.561
823.761
847.861
862.961
903.961
892.561
883.761
936.661
925.261
925.661
929.861
934.861
961.261
937.761
917.961
935.561
948.361
913.161
885.661
899.561
917.161
926.861
927.561
949.661
951.061
933.361
938.661
952.761
951.461
936.561
928.061
949.761
998.461
979.561
1000.26
1029.66
1029.06
1022.66
1010.36
1028.76
1056.66
1037.46
1034.46
1046.16
1045.06
1062.16
1077.46
1102.46
1116.66
1084.16
1076.06
1064.06
1079.76
1094.26
1087.96
1068.26
1051.16
1014.86
1019.56
1008.66
987.261
995.661
1011.96
1003.76
1035.26
1027.16
1028.46
1082.46
1088.06
1071.06
1025.36
1026.26
1070.26
1067.76
1058.36
1069.26
1081.76
1108.46
1125.06
1130.26
1139.36
1138.86
1119.66
1149.56
1174.06
1162.26
1162.06
1147.36
1164.86
1154.06
1126.36
1101.96
1054.36
1027.16
1003.16
1014.66
1034.56
1038.06
1058.86
1066.86
1092.36
1076.36
1073.66
1096.16
1109.66
1113.66
1092.26
1100.46
1119.46
1099.36
1101.16
1115.76
1122.16
1130.76
1126.06
1155.56
1175.66
1143.16
1151.06
1174.16
1175.46
1190.66
1150.36
1166.56
1183.26
1148.56
1162.26
1157.56
1172.46
1216.66
1182.96
1158.16
1132.96
1082.46
1078.56
1088.06
1079.86
1065.46
1064.36
1072.16
1095.76
1082.06
1085.96
1105.56
1101.76
1090.96
1090.46
1090.76
1119.96
1115.86
1094.36
1132.06
1142.96
1168.56
1172.46
1182.86
1235.46
1238.36
1243.26
1250.26
1248.96
1266.06
1261.86
1282.96
1284.76
1279.76
1272.46
1299.86
1289.46
1286.66
1272.46
1264.06
1279.86
1269.16
1264.36
1273.96
0
