95.6656
89.4565
90.1565
101.866
113.133
124.2
120.117
116.291
123.133
124.833
123.449
129.049
128.249
133.333
136.149
143.649
153.933
155.533
149.549
151.549
159.933
162.433
159.649
160.949
166.433
166.533
157.649
160.749
170.533
168.533
161.049
161.449
168.833
163.733
156.891
160.7
162.267
164.9
161.033
151.849
160.433
157.8
150.177
147.469
150.337
157.037
152.595
154.937
159.678
159.978
153.937
149.137
157.578
155.337
155.737
149.295
146.595
151.878
141.595
143.637
147.278
141.537
139.737
138.037
138.237
134.737
126.495
124.369
122.702
118.235
107.9
108.933
117.033
115.049
115.149
109.749
111.033
109.649
106.749
105.149
106.933
111.033
113.233
108.449
113.833
110.233
103.449
100.949
107.233
110.733
104.849
114.133
117.633
123.233
116.249
109.149
113.133
112.233
111.649
112.749
115.233
113.533
102.449
106.133
106.633
110.433
112.533
107.249
111.233
109.933
110.333
104.449
107.633
107.233
105.449
107.249
108.833
110.833
103.949
99.7492
100.449
99.7492
96.5492
95.2492
101.833
103.133
97.3492
93.6492
94.9329
97.5329
95.9492
92.3492
88.8492
83.9656
77.682
77.9656
82.7329
79.2329
74.7492
77.2492
84.7329
82.0329
72.0492
68.9492
74.1329
76.2329
72.6492
72.4492
73.8329
71.8329
69.5492
69.4492
68.4492
70.5329
71.9329
70.9492
71.1492
74.1329
75.4329
72.7492
75.2329
73.1329
71.3492
73.1492
76.5492
78.8329
71.5492
72.9492
74.6329
71.7329
70.9492
63.831
63.5128
62.3455
61.8037
63.8292
74.3637
76.2801
74.1128
72.2219
76.0147
76.7801
75.8455
80.2455
80.0455
82.8874
79.3455
79.4455
82.8874
84.2874
83.6455
80.2037
82.2455
83.5455
84.8455
81.4037
83.2455
86.6874
84.8455
82.2037
90.0874
86.7455
85.4455
81.6128
86.7637
91.6219
85.0219
84.7474
88.082
92.3911
92.7492
91.8492
97.9329
95.5492
96.6492
93.2492
98.3329
103.033
94.7492
94.8492
103.433
114.133
118.649
121.949
127.233
129.533
126.749
130.449
147.133
159.733
158.549
168.033
171.033
174.633
167.749
168.449
179.533
185.333
182.449
183.849
187.933
187.733
185.649
189.849
204.133
213.733
212.149
214.149
217.249
237.984
242.202
251.727
263.902
261.702
247.086
231.569
224.711
245.304
264.264
266.898
271.882
300.082
327.282
348.582
378.782
418.382
425.882
449.682
485.182
506.882
532.782
543.682
568.582
568.782
552.982
550.982
553.782
567.582
554.282
561.082
578.482
577.582
579.182
576.482
583.582
587.882
569.782
574.182
591.282
610.482
610.082
613.582
626.382
618.282
616.082
607.282
611.182
616.482
620.782
634.282
648.182
656.282
650.182
642.182
662.482
668.282
663.682
653.382
666.982
685.082
664.782
670.882
675.682
687.182
674.882
659.482
666.682
654.382
632.482
617.582
615.882
619.082
613.982
620.882
634.482
637.382
641.182
647.682
654.382
646.882
647.782
649.182
660.282
655.882
645.382
656.082
677.482
679.382
688.482
693.582
707.082
703.182
701.082
690.982
703.982
707.882
704.782
700.982
701.382
717.882
714.782
717.582
730.582
735.782
745.882
764.282
807.082
841.882
853.082
864.882
883.982
889.582
885.382
896.182
921.482
935.082
955.482
968.782
983.782
988.082
981.882
995.282
981.182
990.982
996.882
998.382
1008.78
1040.88
1050.08
1043.38
1056.58
1070.08
1092.68
1100.08
1083.48
1072.68
1064.08
1047.28
1066.18
1082.18
1095.08
1089.48
1104.58
1103.28
1095.68
1096.18
1092.18
1098.58
1089.48
1092.58
1093.78
1099.88
1101.28
1093.58
1089.58
1097.08
1091.68
1090.78
1093.78
1091.68
1086.78
1070.38
1074.28
1068.38
1069.78
1063.58
1067.58
1067.48
1055.48
1061.48
1060.38
1067.98
1066.48
1059.18
1056.28
1065.28
1059.38
1057.98
1055.98
1058.08
1049.58
1043.18
1041.88
1047.78
1039.38
1026.08
1022.58
1019.38
1020.78
1011.78
1015.28
1028.28
1032.48
1041.98
1043.98
1049.58
1044.48
1041.48
1051.48
1063.58
1060.38
1054.88
1066.98
1079.38
1071.48
1062.68
1077.08
1077.18
1071.68
1068.78
1081.08
1089.48
1078.08
1066.08
1073.98
1082.08
1072.78
1068.38
1076.88
1076.78
1072.18
1054.18
1056.18
1069.48
1061.48
1047.98
1058.98
1069.18
1058.78
1047.28
1041.58
1054.98
1044.28
1036.18
1044.78
1046.38
1043.68
1027.08
1036.28
1040.08
1028.38
1028.68
1023.18
1034.98
1021.88
1016.08
1022.68
1021.78
1008.88
998.082
994.482
983.682
975.382
961.482
960.582
954.882
939.682
934.482
919.282
920.682
903.882
899.382
902.882
894.282
892.982
879.582
888.082
890.882
878.382
873.482
865.182
859.082
860.982
845.482
846.682
836.982
826.082
829.282
826.382
811.682
789.382
786.782
779.982
782.582
772.782
749.182
740.482
722.082
709.382
714.982
730.382
741.282
725.382
722.782
722.182
731.282
730.382
722.282
734.382
728.582
726.982
718.182
719.882
724.282
708.282
709.182
715.182
724.882
716.182
705.482
720.882
719.182
715.082
711.682
718.382
720.682
717.282
704.982
703.882
717.582
713.582
699.782
702.782
710.982
701.582
690.482
702.582
715.082
705.682
697.182
700.282
694.682
697.982
693.182
698.282
703.882
699.682
702.982
700.382
707.682
698.382
687.782
697.182
703.482
692.582
685.882
696.582
704.082
685.682
677.182
679.582
689.882
684.782
683.882
692.582
688.582
689.782
673.982
689.382
694.682
692.782
680.782
684.082
702.982
691.882
682.882
693.682
693.282
692.582
679.782
684.382
682.182
676.782
678.682
672.782
679.082
678.582
659.182
676.482
690.382
692.982
681.182
676.882
687.782
674.582
672.782
670.082
684.182
687.782
669.482
676.682
678.282
683.582
668.782
655.882
658.482
671.082
676.282
665.382
666.082
671.182
679.182
683.382
670.582
656.582
640.282
638.082
647.082
630.482
630.282
631.582
647.082
650.382
642.082
657.382
656.682
654.182
649.882
652.582
651.782
637.282
632.282
639.982
642.782
639.282
626.782
628.982
640.482
640.482
633.082
638.282
643.082
625.582
609.182
613.082
632.382
622.482
610.782
616.282
615.382
614.282
598.182
601.282
614.982
610.482
597.182
595.082
611.882
608.682
600.782
606.482
611.982
626.982
611.182
601.582
607.282
595.482
596.082
592.482
598.482
594.382
595.182
612.982
617.882
613.882
605.882
617.682
627.582
611.282
608.782
605.782
619.582
618.282
610.282
611.682
612.582
606.582
613.282
626.582
627.582
615.882
610.982
621.182
644.682
653.082
626.082
630.582
630.382
638.982
638.982
667.082
690.882
701.982
699.982
702.782
718.882
713.982
715.782
735.182
741.282
756.982
765.482
798.982
832.382
852.082
874.582
871.682
885.982
892.582
888.682
897.682
926.182
946.182
941.882
940.982
960.382
951.182
950.782
952.182
968.382
973.082
968.382
976.282
994.282
1002.28
993.382
988.982
1002.78
994.982
995.982
996.582
1009.18
1007.28
987.582
992.782
987.982
985.282
972.682
966.182
966.782
959.882
946.282
945.282
950.182
943.682
933.182
905.682
911.782
911.282
901.782
899.082
905.082
903.482
900.482
884.382
894.682
894.382
880.282
876.282
860.582
840.482
839.882
862.582
884.682
906.882
886.682
885.582
893.682
915.282
892.382
864.182
854.482
856.682
841.382
840.382
843.082
829.182
812.682
812.782
817.382
805.582
786.982
784.582
791.582
785.982
775.182
769.682
781.882
774.982
762.082
766.182
775.282
769.882
759.882
762.482
772.082
771.282
772.282
767.482
779.182
784.582
787.982
793.882
813.482
818.882
816.482
832.882
852.882
853.782
855.782
853.882
885.582
891.982
892.582
900.482
918.582
940.182
945.782
973.082
999.182
1006.48
994.682
1002.28
1027.18
1043.48
1047.68
1073.88
1089.88
1111.48
1112.08
1127.28
1143.18
1139.98
1139.88
1127.08
1135.58
1139.58
1127.98
1122.38
1131.78
1142.88
1130.98
1114.48
1113.28
1104.28
1102.48
1091.68
1096.78
1102.08
1082.48
1076.18
1074.58
1070.58
1058.58
1048.98
1055.58
1042.58
1038.78
1026.98
1036.18
1041.58
1017.88
1014.88
1013.88
1024.18
1019.58
996.382
987.282
984.082
965.882
954.382
956.082
952.282
934.682
926.882
916.782
912.582
898.082
891.182
895.882
892.382
878.182
874.382
886.482
890.682
877.482
871.782
882.182
884.482
872.582
864.582
855.582
860.182
849.682
844.382
832.982
821.282
806.082
801.982
798.882
793.582
790.382
797.082
799.082
791.482
780.582
777.382
784.782
782.182
778.382
772.182
758.282
752.582
741.382
740.482
748.582
742.682
738.682
731.682
739.782
732.782
722.782
725.382
727.582
736.082
719.782
722.182
735.682
737.282
737.382
721.482
732.482
734.782
723.582
718.582
716.982
723.582
714.282
718.382
717.182
717.782
717.682
709.382
709.582
714.482
714.682
707.982
706.682
714.882
0
